0.001999
0.00070358
0.0025419
0.0013367
0.0026748
0.0020361
0.0014098
0.0015933
0.0024786
0.0020152
0.0024078
0.0026015
0.0013761
0.0014889
0.0011011
0.0020902
0.0013821
0.0017958
0.0016843
0.0014883
0.0032562
0.0029257
0.0015165
0.0029771
0.0011476
0.002666
0.0024875
0.002923
0.0018099
0.0016312
0.0013208
0.0027941
0.00092555
0.001318
0.0018068
0.0030122
0.0018419
0.00086513
0.0013658
0.0012643
0.0019642
0.0021701
0.0016626
0.00069953
0.0022118
0.0026348
0.001992
0.00163
0.0032586
0.0016075
0.0020204
0.0015626
0.0013703
0.00088225
0.0016313
0.0013218
0.0015506
0.0010209
0.001206
0.00066655
0.0023709
0.0032402
0.0027061
0.00123
0.0020727
0.0017527
0.0019176
0.0027167
0.0010365
0.0016181
0.002206
0.0023174
0.0013968
0.004834
0.0033103
0.0018461
0.0013812
0.0015379
0.0012035
0.0021003
0.0017733
0.0019669
0.00073797
0.0020307
0.0013478
0.0024771
0.00087609
0.0027786
0.0025447
0.0019631
0.0012378
0.0030144
0.0017175
0.0017741
0.0032245
0.0015724
0.0022933
0.0017053
0.0015972
0.00087599
0.0017006
0.0022475
0.0016828
0.0016807
0.0023883
0.0018047
0.0011226
0.0013783
0.0007647
0.0013171
0.0016307
0.0027824
0.003914
0.0014849
0.0015614
0.0020901
0.0027298
0.0013121
0.0017654
0.0031012
0.0012326
0.0017783
0.0022184
0.0015441
0.002054
0.0016151
0.0028301
0.0019171
0.0029778
0.0028171
0.0024729
0.0020077
0.0020608
0.0027018
0.002133
0.0017371
0.0022432
0.0021881
0.0013745
0.0026626
0.00079399
0.0015442
0.0017216
0.00087682
0.0005194
0.002542
0.0010097
0.0019896
0.0031694
0.0019398
0.00079992
0.0016112
0.0025983
0.0018994
0.002217
0.0024225
0.0010514
0.0013073
0.001014
0.0023602
0.0013377
0.0020538
0.0011611
0.0022223
0.0016824
0.0029099
0.0031301
0.0029421
0.0027561
0.0014345
0.0011804
0.0015292
0.0009358
0.0014095
0.0018779
0.0017734
0.00093812
0.0010446
0.0029162
0.002222
0.001157
0.0018271
0.0017932
0.0011802
0.0016887
0.0016202
0.0014845
0.0012739
0.0028087
0.0026249
0.0015976
0.0036682
0.0022021
0.0012826
0.0018417
0.0012981
0.0017887
0.0021118
0.0018172
0.0031767
0.0023444
0.002023
0.0022131
0.0018479
0.002455
0.0012227
0.001489
0.0022666
0.0015172
0.0016615
0.0032247
0.0022025
0.0013272
0.0021733
0.0029577
0.0010286
0.0036518
0.0018614
0.0017023
0.0019608
0.0016182
0.0022445
0.0037454
0.0023191
0.001864
0.0018766
0.0012151
0.0020947
0.0036593
0.0018798
0.0019257
0.0022231
0.0025648
0.0033898
0.0018013
0.0025614
0.0040982
0.00083544
0.0014287
0.0020896
0.0018934
0.0018238
0.001627
0.0017515
0.0011789
0.0019576
0.0021107
0.0014354
0.0034035
0.0019096
0.0030704
0.0022947
0.0018466
0.0018416
0.0013432
0.0018993
0.0031525
0.0013234
0.0027577
0.0012415
0.0007636
0.0016187
0.0025172
0.0017732
0.0024949
0.0020459
0.0012379
0.0018842
0.0014254
0.0013917
0.0020093
0.0013339
0.0029473
0.0024799
0.0033137
0.0018953
0.002009
0.0011389
0.0013366
0.00090222
0.0024965
0.0017663
0.0012413
0.0027209
0.00141
0.0016622
0.0029727
0.0023164
0.0019581
0.0033172
0.0021539
0.0017177
0.0022776
0.0028008
0.0025861
0.0027025
0.0014206
0.0030848
0.0014236
0.0021493
0.0030266
0.0029797
0.0020832
0.0027251
0.0021309
0.0031631
0.0018111
0.0019793
0.0033583
0.0045357
0.0026837
0.0012785
0.0014648
0.0024687
0.0021616
0.0024295
0.001125
0.0015331
0.0023261
0.0014001
0.00082425
0.0023272
0.0013832
0.0016769
0.0011941
0.0021377
0.0020127
0.00096061
0.0020082
0.0011068
0.0017349
0.0015063
0.0025552
0.0029759
0.001564
0.0020897
0.0017114
0.0019124
0.0016627
0.002393
0.001603
0.0014177
0.0030412
0.004114
0.0013723
0.0022883
0.0013185
0.0021377
0.00099102
0.001285
0.0011888
0.00089303
0.0019677
0.002952
0.001367
0.0016314
0.00098401
0.00094188
0.0014083
0.0019091
0.0010466
0.00111
0.0012745
0.0019853
0.0031098
0.0032641
0.0013032
0.0028211
0.0017371
0.0017682
0.002256
0.0011779
0.0035626
0.0011153
0.0035907
0.001895
0.0022136
0.0012127
0.001113
0.0018204
0.0033733
0.0012305
0.0027256
0.002037
0.0014553
0.0026998
0.0020686
0.0015468
0.00292
0.0021146
0.002257
0.001748
0.0024601
0.0027352
0.0017802
0.0011964
0.0023059
0.0013205
0.0019903
0.0023787
0.0019267
0.0041358
0.0025147
0.0029328
0.0016795
0.002362
0.0018313
0.0030654
0.0029678
0.00085068
0.0027246
0.0019794
0.0028388
0.0032567
0.0015223
0.0025255
0.0012521
0.0014746
0.0016541
0.0011756
0.0013725
0.0016323
0.0026785
0.0016255
0.00097708
0.001211
0.0017897
0.0017617
0.0024879
0.0025339
0.0020297
0.0016855
0.0017454
0.001844
0.0017432
0.0023796
0.0019707
0.0010887
0.0015778
0.0023489
0.0032906
0.0026386
0.0025189
0.0016042
0.0026708
0.0009534
0.0017972
0.0025902
0.0011906
0.0024295
0.0027574
0.001606
0.0023696
0.0018526
0.0018755
0.0026047
0.0012554
0.0026035
0.0023876
0.0019069
0.0026866
0.0015268
0.0018684
0.0015345
0.002919
0.0016485
0.0012007
0.001706
0.0027306
0.0014421
0.0017607
0.0019176
0.0021279
0.00063823
0.0009398
0.0007868
0.0013847
0.0016032
0.0021463
0.0018341
0.0014109
0.0016072
0.0028224
0.0019879
0.0019666
0.0014525
0.0018346
0.0011008
0.0011572
0.0023931
0.0010652
0.0025443
0.0013809
0.0017942
0.00089005
0.0021376
0.0013314
0.0013874
0.0010849
0.0029621
0.0020312
0.0017828
0.0025695
0.0030248
0.0012338
0.0011863
0.0010348
0.0035934
0.0011122
0.001797
0.00068367
0.0015778
