-0.059771,-0.0034001,-0.032464,-0.12638,-0.26774,0.18869,-0.037026,0.16134,-0.063882,0.049916,-0.050279,-0.050132,0.068024,0.11861,0.04129,-0.14449,0.092171,-0.027895,0.004361,-0.029587,0.051517,-0.0060808,0.03299,0.1735,-0.14748,-0.071612,0.06635,0.10246,-0.30801,0.061134,0.010677,0.0026353,0.093774,0.13326,0.086635,-0.042538,-0.26274,0.034504,-0.029158,0.0093191,-0.064845,0.031001,-0.04638,0.063066,-0.018724,0.040686,0.18061,-0.19363,0.0082184,0.063478,-0.026355,-0.027723,0.14478,0.032645,-0.15995,0.018935,0.012382,0.010983,0.082027,-0.17029,0.17642,0.070515,-0.10718,-0.023532
0.078312,-0.068039,0.010892,0.020894,-0.073849,0.035707,-0.022658,-0.00064985,0.029106,0.03703,0.071075,-0.06275,0.003623,0.032728,-0.079769,-0.080695,0.073802,-0.02765,0.0078023,-0.027352,-0.013877,0.030571,-0.025279,-0.094831,0.027818,0.07884,0.16863,0.11968,0.050758,0.027824,-0.036134,0.02426,0.18421,0.12128,0.076291,-0.094191,-0.07621,-0.0069332,0.0080862,-0.0016363,-0.16503,-0.039629,0.11759,-0.10848,0.129,-0.060652,-0.05764,0.011232,-0.092515,-0.0060441,0.036982,0.14706,0.13483,0.080157,-0.11499,0.046544,0.031883,0.065263,0.022573,-0.074053,0.018209,0.025079,0.029293,-0.13446
0.080688,-0.093943,0.082849,0.074744,0.078407,-0.030613,0.072822,-0.0058612,0.14247,0.29646,0.10496,-0.050111,-0.01273,-0.0059054,-0.063428,-0.032251,0.073288,-0.025941,-0.031811,-0.0030489,0.16991,-0.042349,0.077204,-0.012365,-0.084019,0.05884,-0.076383,-0.013111,0.16498,-0.05601,0.045221,-0.018318,0.21909,0.13603,-0.14028,0.074533,-0.036479,-0.047207,0.020935,0.025705,-0.095652,0.0068295,0.26691,0.023007,-0.0038053,0.13514,0.05625,-0.09353,-0.084823,0.08775,0.14919,0.11415,-0.060288,-0.0028198,-0.064096,0.08429,0.033185,-0.080157,-0.076712,-0.0080476,-0.077293,-0.022839,-0.073883,-0.10692
0.11157,-0.091063,-0.075286,-0.011212,-0.018938,-0.055007,0.011915,0.00040464,-0.055134,0.072003,0.047556,0.018799,-0.019176,-0.050641,0.013818,-0.060352,0.013548,0.022171,-0.0038641,-0.058596,0.056265,-0.090549,0.088752,-0.026133,-0.080841,0.026759,0.064953,-0.15238,-0.018922,-0.0014025,-0.022222,0.031147,0.09456,-0.044212,-0.14141,-0.10725,0.046483,-0.078915,-0.043185,0.05407,-0.079652,0.045378,0.086578,-0.0010132,-0.10039,0.022562,0.15014,0.025208,-0.049382,0.015666,-0.064527,-0.14913,-0.12989,-0.0051762,-0.059884,0.11361,-0.097383,0.012765,0.0038503,0.073224,0.073695,0.17201,0.040901,0.064681
0.040208,-0.075483,-0.14264,-0.12517,-0.093461,-0.066686,0.053164,-0.021698,0.021187,-0.063139,-0.026283,0.060479,-0.078482,-0.11456,-0.068824,-0.19369,-0.060494,-0.00035127,0.09057,-0.12183,0.068469,0.04503,0.11248,0.031959,-0.10957,0.011305,0.10495,0.0047133,-0.071663,0.148,0.081744,0.18514,0.064493,-0.095431,-0.053725,0.0092324,0.21012,0.0046069,-0.025866,0.16764,-0.0562,0.027055,-0.065244,-0.0036279,0.080746,-0.0013681,0.15528,-0.052959,0.074514,0.047408,-0.21688,0.066157,0.026648,-0.09541,-0.053692,-0.12102,-0.0062552,0.043922,-0.1304,0.069663,-0.039294,0.059168,0.13709,0.13232
0.10664,-0.060653,-0.059408,-0.010514,-0.056352,-0.038129,-0.0068494,-0.027702,0.041547,-0.071496,0.031807,-0.072721,-0.075316,-0.041618,-0.024812,-0.096864,0.013927,-0.09392,0.066953,0.036044,-0.080034,0.052733,0.054371,-0.073959,-0.065499,0.0042936,0.090357,0.12958,0.05261,-0.032789,0.12194,0.048165,0.06318,0.01629,0.033534,0.069177,0.11328,0.15256,0.029399,0.11054,-0.082611,-0.042631,-0.11408,0.05871,0.017311,-0.037177,-0.013962,0.09697,-0.11833,-0.023372,-0.012632,0.084845,0.17376,-0.051919,-0.075537,-0.013254,0.044961,-0.20369,-0.026136,0.1701,-0.14097,-0.032542,0.042554,0.018729
0.12709,-0.066153,-0.047099,0.043075,-0.017114,-0.041304,-0.050192,-0.015189,-0.01597,0.028685,0.046463,-0.10724,-0.042717,0.014087,0.06894,-0.013051,0.066576,-0.062005,0.012968,0.1032,-0.075648,-0.029365,0.02861,-0.057433,-0.13828,-0.026299,-0.018492,0.03194,0.050909,-0.12615,0.098006,-0.095331,0.046019,-0.02741,0.04898,-0.0010288,0.059296,0.15364,-0.015017,0.062122,-0.11328,0.0072447,-0.069828,-0.028142,-0.19765,0.021801,-0.075292,0.013759,-0.019623,0.03888,0.12819,0.052846,-0.098432,-0.050949,-0.064326,-0.1416,0.030366,-0.18151,-0.09026,0.088694,-0.057111,0.075603,-0.13052,0.10121
0.10663,-0.056102,-0.055529,-0.01414,-0.081681,-0.028423,-0.06633,0.02814,-0.097751,0.056065,0.012754,-0.053261,-0.042373,0.030568,0.077533,-0.017551,0.054348,-0.0061246,-0.037868,0.062321,-0.016251,-0.079487,0.037684,0.0034786,-0.14378,-0.048582,0.032497,-0.11092,-0.048958,-0.050699,0.012089,-0.08138,0.018669,-0.053823,0.074508,0.020551,-0.05367,0.048665,-0.040586,0.028134,-0.045388,0.014067,-0.035757,-0.065983,-0.15483,0.14487,0.03926,0.10846,-0.053888,-0.039843,-0.046688,-0.016887,-0.16303,0.015336,-0.12125,-0.12474,0.026724,0.0012857,-0.059391,-0.15268,-0.01247,0.077387,0.045012,-0.13458
-0.074148,0.050669,-0.12762,-0.16645,-0.074239,-0.10131,-0.19499,0.060881,-0.049794,-0.01276,0.091785,-0.032918,-0.083272,0.029484,-0.035805,0.054406,0.066782,0.072075,0.23546,-0.068051,0.054163,-0.0094685,-0.20481,0.041699,-0.040257,0.094273,-0.15852,-0.0098734,-0.01588,0.15096,0.10243,0.13007,0.13846,0.057629,-0.07757,-0.038079,0.05355,-0.045813,0.203,-0.20022,0.017223,-0.049957,0.046639,-0.014533,0.039348,0.093267,-0.02772,-0.082524,0.025361,0.17409,-0.069372,-0.11923,0.0067689,-0.0061358,0.013548,0.14368,-0.17522,-0.048341,-0.05049,0.088761,-0.12229,-0.071461,-0.0432,-0.047007
0.012322,-0.0041574,0.048315,-0.072271,-0.052967,0.010904,-0.10999,-0.044926,0.074398,0.028907,0.056885,-0.065068,-0.066076,-0.036962,-0.11457,0.056562,0.054147,-0.04213,0.039199,-0.081685,-0.048674,0.15919,-0.17092,-0.19164,-0.0038958,0.17818,0.13916,-0.00076609,0.067523,0.085418,-0.0094445,0.041694,0.083023,0.056709,0.07472,-0.12454,0.013517,-0.0092384,0.049937,-0.058852,0.020966,0.11056,0.15166,-0.064764,0.0048434,-0.091753,-0.14065,0.030283,0.018191,-0.031607,-0.19856,0.1436,-0.090657,-0.10653,-0.052345,0.090759,-0.014876,0.071814,0.12759,0.045267,0.1193,-0.00663,0.0355,0.12481
0.0082156,-0.056717,0.20423,0.064153,0.0441,0.013116,0.034659,0.032912,0.24034,0.33802,0.027163,-0.064382,-0.049541,-0.057237,-0.11153,-0.027103,0.047813,-0.10659,-0.033984,-0.072949,0.15038,-0.027366,-0.03296,0.0088659,-0.054294,0.069155,0.013386,-0.03987,0.089819,0.0043715,0.083028,0.027403,0.091859,0.15291,-0.027693,0.060881,-0.034257,-0.065125,-0.0019192,0.076935,0.10156,-0.077125,0.13336,0.019885,0.0027971,0.03019,-0.022,-0.020229,0.11303,-0.054529,-0.030992,0.084851,-0.0014871,-0.041138,0.1027,-0.10664,-0.0064828,0.001441,0.092625,-0.046488,-0.021694,-0.055331,0.038853,0.035083
0.037866,-0.093296,-0.044386,0.068959,0.013617,-0.0059978,-0.077533,0.06655,0.00012898,0.084045,0.083781,0.028293,0.011307,-0.029492,-0.011052,-0.086725,0.099382,-0.030235,-0.0052842,-0.13854,0.044191,-0.19654,0.038882,-0.044398,0.091037,-0.069702,0.089225,-0.14697,0.045704,0.055908,-0.014387,0.10102,0.045793,0.032476,-0.049551,-0.1589,-0.047339,-0.034325,-0.15116,-0.024138,0.027508,-0.23311,-0.0067454,0.024664,-0.072996,-0.080386,0.035623,0.056147,-0.10638,-0.094825,-0.045174,-0.15627,0.011894,0.095831,0.12673,-0.059826,-0.15848,0.029177,0.057,0.030195,0.082484,0.018634,-0.071305,0.11652
-0.0487,-0.099156,-0.23485,-0.053021,0.018075,0.05981,-0.063035,-0.035584,0.044145,-0.037383,0.16195,0.12147,0.068311,0.036364,0.012677,-0.092146,0.18874,-0.029817,-0.029816,-0.18815,0.053654,0.053189,0.084569,-0.084618,0.044059,-0.20427,-0.13131,0.0022983,0.030628,0.19321,0.089378,0.07438,-0.028366,-0.11027,0.064494,0.038948,-0.045606,0.19162,-0.08543,-0.14546,0.093006,-0.074348,-0.088518,0.077639,-0.054846,0.090258,-0.14446,-0.060103,-0.04809,0.043091,-0.098136,0.088307,-0.057378,0.020898,-0.047146,-0.11231,-0.074561,0.04872,0.030429,0.032789,-0.012511,-0.11711,-0.15664,-0.10503
0.04502,-0.039942,-0.07231,-0.04992,-0.027643,0.051691,-0.062671,-0.079104,0.1079,-0.073419,0.012215,0.01194,-0.052533,-0.0086202,0.050999,-0.029064,0.1091,-0.2138,-0.074771,0.032188,-0.13166,0.16251,0.028992,-0.10235,-0.028969,-0.083396,-0.018213,0.060634,0.029539,-0.052907,0.12091,-0.01348,-0.04867,0.091333,0.004738,0.061295,-0.10686,0.18263,0.069662,-0.035209,0.126,0.094523,0.018083,0.071959,-0.030874,0.035951,-0.068361,0.098973,-0.027634,-0.038002,-0.079121,-0.063116,0.035121,-0.092232,-0.043874,0.13879,0.022575,-0.21263,0.10966,-0.13222,0.068964,-0.022874,0.061664,-0.11033
0.076411,-0.039611,0.0029579,0.044512,-0.042202,-0.011837,-0.089196,0.0040895,0.076079,-0.0061601,-0.089472,-0.07566,-0.088696,-0.027841,0.11979,-0.030159,0.025975,-0.2345,0.0044283,0.098814,-0.14006,-0.034848,0.0045974,0.0037676,-0.11762,-0.0077051,-0.041233,-0.0077617,0.043356,-0.15852,0.16245,0.0086076,-0.041467,0.038909,0.059965,-0.065473,-0.020764,0.078286,0.0018598,0.10676,0.079757,-0.047111,-0.051442,-0.059454,-0.15781,-0.059124,-0.036157,-0.01354,0.18486,0.07069,0.08489,0.034347,-0.040043,-0.014129,0.13111,-0.054378,-0.071,-0.10561,0.14625,-0.022774,0.027828,0.0070621,-0.11319,0.16249
0.052743,-0.02418,-0.071718,0.010178,-0.033787,-0.10825,-0.13093,0.076972,-0.032051,0.019624,-0.0091416,-0.061004,-0.064606,0.024781,0.086469,-0.020014,0.014026,-0.10144,0.13221,0.060328,-0.055011,-0.1895,-0.063056,0.058396,-0.075742,0.0059532,-0.01678,-0.1113,0.033034,-0.069159,0.079956,0.059383,0.025552,-0.053625,0.067208,-0.014031,0.0025946,-0.028527,0.14571,0.0064302,0.0085332,-0.18162,-0.11565,-0.10913,-0.092009,0.12201,0.091029,-0.019028,-0.020072,-0.087721,0.051017,0.068476,-0.054775,0.15259,0.057593,-0.039306,-0.060321,0.074826,0.091055,-0.021465,0.0009835,-0.062256,0.1871,-0.11968
-0.04719,0.10602,-0.23322,0.058297,0.009013,-0.045735,-0.057418,0.022314,0.040416,-0.047064,0.084461,-0.18138,0.072681,0.026873,0.00049315,0.092811,-0.17643,-0.066554,0.023641,-0.20194,0.051118,-0.001931,0.098938,-0.082024,0.063992,0.14032,-0.18653,0.0042192,-0.048306,0.18873,0.075586,-0.078031,0.032646,0.085863,-0.060965,0.023148,-0.095694,-0.14992,-0.1512,0.16612,0.077962,0.072121,0.04505,0.10481,0.09192,0.060472,-0.14581,0.061087,-0.055112,-0.029892,0.065685,-0.10593,0.013694,-0.0067005,0.0047647,-0.14804,-0.094764,-0.032525,-0.0085119,-0.011432,-0.018257,0.096828,-0.12893,-0.081304
0.03763,0.09583,-0.030625,-0.070101,0.012202,0.0091662,-0.070604,-0.071317,0.015303,0.087462,0.064585,-0.066008,0.0090587,-0.03901,-2.4706e-05,0.08406,-0.08373,-0.047216,0.0071523,-0.10924,-0.0054584,0.22233,0.034242,-0.094641,0.03083,0.083651,0.072292,-0.16597,-0.032421,0.037955,-0.027851,-0.09876,-0.02495,-0.08357,0.084624,-0.1597,-0.04308,0.070957,-0.10858,0.023042,0.087213,0.21486,0.016729,0.026343,0.016422,-0.10651,0.046208,-0.019838,-0.11207,-0.094638,-0.079982,0.14247,-0.050399,0.18119,0.047127,-0.056089,-0.13054,0.0072165,-0.026579,-0.063796,0.051733,-0.033679,-0.065489,0.14808
0.0085977,0.056055,0.20341,-0.065374,0.048231,-0.018473,0.037115,0.027481,0.24316,0.3369,0.064402,0.031125,-0.046994,-0.062143,-0.1066,0.052214,-0.015574,-0.10218,0.046247,-0.065918,0.13531,0.063969,-0.038307,0.059779,0.028634,-0.061712,0.028228,-0.045051,-0.089532,-0.004634,0.06395,-0.027773,-0.10164,-0.16175,0.0070859,0.065173,0.005758,0.057315,0.041537,-0.068611,0.11331,0.048851,-0.14297,0.027418,0.012413,-0.005508,-0.018857,0.019994,0.11406,-0.047626,-0.03542,-0.080615,0.079062,0.10271,-0.070417,-0.088937,0.016774,0.0095656,-0.0583,0.031584,0.024245,0.050037,0.039608,0.035721
0.011148,0.0047076,0.039559,0.077626,-0.056923,-0.0010755,-0.11224,0.056642,0.062398,0.023073,0.083214,0.032319,-0.067591,-0.038234,-0.13004,-0.034166,-0.027239,-0.040557,-0.053291,-0.10661,-0.012094,-0.15311,-0.17515,-0.057822,0.16,-0.13381,0.18499,0.015778,-0.081212,0.090524,-0.019857,-0.042948,-0.063874,-0.058535,-0.053179,-0.13206,0.023998,-0.020434,0.055595,0.070513,-0.040843,-0.1027,-0.11516,-0.058161,-0.05174,-0.10926,-0.15999,0.023437,0.0014279,-0.1833,0.059671,-0.15947,0.038864,-0.075091,-0.067223,0.068837,-0.032193,-0.073342,-0.15183,-0.11796,0.091897,0.017937,0.028237,0.11441
-0.077915,-0.04275,-0.12261,0.1657,-0.083766,0.11711,-0.19038,-0.077165,-0.047481,-0.0065226,0.08462,-0.01677,-0.1052,0.022507,-0.040762,-0.047084,-0.08109,0.054172,-0.22133,-0.071776,0.063757,0.032112,-0.20845,0.081264,-0.041643,-0.11833,-0.11508,-0.013611,-0.0004797,0.15997,0.08907,-0.14075,-0.13407,-0.034054,0.064217,-0.041987,0.035995,-0.026892,0.23616,0.19691,-0.00073033,0.048099,-0.051583,-0.008026,0.020363,0.082744,-0.03574,0.051186,0.021819,0.022553,0.19863,0.11956,-0.033728,0.02341,-0.003421,0.11669,-0.15596,0.049989,0.0058594,0.0091482,-0.14968,0.095335,-0.019422,-0.035899
0.053549,0.033109,-0.063897,-0.013527,-0.032002,0.10903,-0.12269,-0.085896,-0.021217,0.029775,0.016942,0.060092,-0.080373,0.021669,0.10822,0.0060591,-0.0096119,-0.10146,-0.11517,0.095724,-0.079878,0.15299,-0.066723,0.11776,0.0040907,0.0036512,-0.015969,-0.11383,-0.019095,-0.085115,0.07046,-0.061946,-0.02464,0.05599,-0.080869,-0.037053,-0.015564,-0.028095,0.13214,-0.019769,0.047461,0.15283,0.089492,-0.070808,0.19391,0.065032,0.10693,0.024256,-0.021328,0.0033362,-0.086804,-0.089436,-0.0079862,0.11477,0.1282,-0.061724,-0.068048,-0.053201,-0.053009,0.023854,0.027604,0.067588,0.18287,-0.095533
0.076269,0.042794,0.0019691,-0.043248,-0.03686,0.010993,-0.085343,0.0070709,0.07899,-0.0043456,-0.038907,0.11243,-0.090171,-0.025675,0.12648,0.016234,0.0012105,-0.22713,0.014241,0.10909,-0.13879,-0.01558,0.0021149,0.1203,0.077397,-0.0025759,-0.044475,0.0091099,-0.02702,-0.16701,0.15241,-0.023487,0.029601,-0.072493,-0.053295,-0.057658,-0.016697,-0.076245,-0.030665,-0.087992,0.077394,0.022249,0.073359,-0.021551,0.10424,-0.12312,-0.047602,-0.037358,0.18963,0.10128,0.023254,-0.054694,0.024631,0.16042,-0.044573,-0.023152,-0.033725,0.11658,-0.12968,-0.015207,0.046222,-0.019908,-0.11712,0.1654
0.043809,0.045938,-0.083141,0.054669,-0.028849,-0.04497,-0.058986,0.088587,0.098084,-0.081945,0.010404,-0.010489,-0.04061,-0.0078508,0.029138,0.036791,-0.070828,-0.22125,0.071905,-0.0007092,-0.099688,-0.18885,0.037082,-0.024362,0.11832,0.065612,-0.044056,0.082858,-0.035657,-0.04394,0.1053,0.013766,0.026779,-0.10725,-0.028207,0.087812,-0.10952,-0.19533,0.018475,0.052351,0.062957,-0.11633,-0.019322,0.085892,0.021849,0.0013808,-0.10325,-0.063264,-0.039355,-0.099268,-0.0072201,0.087092,0.027821,-0.055361,-0.018515,0.1381,0.062483,0.19203,-0.12443,0.059072,0.13955,0.028119,0.073868,-0.12443
0.039503,0.077372,-0.14027,0.11904,-0.099946,0.071328,0.059272,0.017364,0.010239,-0.063235,-0.059744,-0.031417,-0.075505,-0.12622,-0.020837,0.193,0.078518,0.019389,-0.070264,-0.13001,0.081205,0.0016101,0.11074,0.12363,0.0099066,0.033091,0.096581,0.0046079,0.045813,0.15648,0.075349,-0.20145,-0.060327,0.13279,0.058653,-0.00068756,0.1802,-0.011224,-0.058805,-0.1702,-0.023793,-0.015396,0.049293,-0.027688,-0.03444,0.065734,0.13469,0.054909,0.069906,-0.17345,0.16046,-0.039078,0.025596,-0.092845,-0.12459,-0.12003,-0.019008,-0.021062,0.10477,-0.03005,-0.080001,-0.043429,0.11002,0.13481
0.1112,0.094574,-0.068602,0.0057334,-0.016176,0.051847,0.015912,-0.012336,-0.055502,0.075231,0.035072,-0.043218,-0.01564,-0.055232,0.026071,0.050061,-0.013737,0.025866,0.0099476,-0.041102,0.034611,0.10865,0.084538,0.065197,0.071134,-0.0067563,0.06673,-0.15141,0.021205,-0.0026945,-0.025515,-0.028311,-0.08036,0.042168,0.16333,-0.096815,0.037249,0.074828,-0.0043325,-0.048413,-0.094878,-0.033389,-0.093871,0.023872,0.098372,-0.081305,0.12205,-0.021405,-0.05296,-0.069691,0.066546,0.084288,-0.18438,-0.035686,0.0010785,0.11793,-0.092991,-0.0093641,-0.070412,-0.082269,-0.0032379,-0.16615,0.0094571,0.021177
0.082024,0.09435,0.082296,-0.069366,0.083003,0.025596,0.077723,0.040353,0.13924,0.29181,0.12247,-0.027765,-0.011584,-0.016266,-0.06204,0.050292,-0.062662,-0.030447,0.029374,0.00014275,0.14987,0.069131,0.072867,0.074179,0.04431,-0.086626,-0.059039,-0.02188,-0.16119,-0.059316,0.01563,0.021196,-0.23747,-0.12263,0.12024,0.082912,-0.0035652,0.037357,0.078179,-0.035813,-0.10547,0.0049899,-0.27842,0.044789,0.039403,0.033535,0.073753,0.050844,-0.065321,0.19353,0.036465,-0.11878,-0.0037857,-0.085373,0.012068,0.10512,0.032168,0.055741,0.03586,0.073662,-0.067865,0.038155,-0.066988,-0.14478
0.076817,0.067114,0.010038,-0.019327,-0.080134,-0.031353,-0.019503,0.006839,0.030315,0.031663,0.096914,0.022653,0.002976,0.021138,-0.068092,0.1016,-0.052618,-0.028258,-0.025254,-0.036411,-0.012493,-0.026902,-0.02733,-0.064968,0.052256,-0.029295,0.1892,0.11693,-0.052262,0.034463,-0.058451,-0.012179,-0.17881,-0.12822,-0.063749,-0.11656,-0.043497,0.012769,0.02532,-0.036978,-0.13719,0.08667,-0.083939,-0.14355,-0.14592,0.0023962,-0.031964,0.0030245,-0.092115,0.051862,-0.039183,-0.078343,0.15917,-0.12897,0.13668,0.009208,0.0009237,-0.063223,0.0020246,0.03352,0.064395,-0.055902,0.060571,-0.079753
-0.069128,0.0038254,-0.028258,0.11151,-0.28529,-0.18572,-0.030968,-0.16814,-0.029179,0.051921,-0.0067366,0.073948,0.066915,0.11131,0.062188,0.14584,-0.095177,-0.032158,0.018638,-0.028038,0.04388,0.025997,0.043792,0.18819,-0.10047,0.11371,0.044468,0.11286,0.30188,0.098617,0.0055565,0.027917,-0.096815,-0.18642,-0.082543,-0.034196,-0.22555,0.0017126,-0.030695,-0.051639,-0.084201,-0.0095927,0.03507,0.082979,0.034158,0.040347,0.16821,0.16347,0.03349,0.041783,0.10181,0.10322,0.073449,-0.14885,0.10041,-0.032067,-0.0038214,0.0063285,-0.053709,0.029889,0.23964,-0.096726,-0.11009,-0.022454
0.10781,0.061086,-0.054009,0.0092,-0.077295,0.030368,-0.058021,-0.042382,-0.089016,0.05874,0.040597,0.037837,-0.042976,0.031971,0.075833,0.0076156,-0.061395,-0.0047339,0.044243,0.085392,-0.03152,0.051837,0.035642,0.12165,0.078717,0.064224,0.016953,-0.089549,0.053985,-0.047973,0.011466,0.10056,-0.016584,0.052251,-0.072511,0.012004,-0.0474,-0.040721,-0.061422,-0.02418,-0.066096,0.00084043,-0.017601,-0.011425,0.23609,0.010762,0.011575,-0.097701,-0.06165,-0.072593,-0.024637,-0.064349,-0.15397,-0.092907,-0.0079747,-0.12239,0.024774,0.00098765,0.037749,0.15368,0.06074,-0.092229,0.038031,-0.14144
0.12742,0.069172,-0.047634,-0.037993,-0.011714,0.044145,-0.043153,0.011258,-0.015337,0.029122,0.091155,0.069462,-0.048655,0.015448,0.067822,0.0074143,-0.063529,-0.063456,-0.014646,0.1148,-0.071811,-0.01192,0.030341,0.09675,0.11921,0.024265,-0.027902,0.053325,-0.046038,-0.12802,0.087308,0.094161,-0.057519,0.040169,-0.034848,-0.0047412,0.050652,-0.14134,-0.07355,-0.060348,-0.11758,0.033944,0.073764,0.024647,0.15766,-0.075411,-0.077333,-0.038773,-0.013149,0.13806,-0.042735,-0.099939,-0.083085,-0.05889,-0.079413,-0.092189,0.048982,0.18085,0.067915,-0.01236,-0.11979,-0.070532,-0.13568,0.10276
0.10494,0.062177,-0.063471,0.015737,-0.057638,0.046471,0.0020702,0.033715,0.037155,-0.072649,0.057432,0.053702,-0.079595,-0.049622,-0.0063901,0.10929,0.013498,-0.08251,-0.069375,0.024669,-0.054936,-0.06938,0.056449,0.032208,0.08449,0.026656,0.083773,0.13864,-0.064566,-0.029915,0.10144,-0.068383,-0.081283,0.017505,-0.038503,0.061584,0.10641,-0.15656,-0.035702,-0.1282,-0.039299,0.065057,0.1305,0.037754,-0.063263,0.035756,-0.0062854,-0.058601,-0.13364,-0.02734,-0.049239,0.012794,0.14683,-0.11717,-0.010579,-0.0024871,0.066695,0.20239,0.023894,-0.068393,-0.21832,0.045133,0.028728,0.038216
-0.16542,-0.040408,0.053253,-0.15819,-0.2867,0.24759,0.041379,0.21397,-0.011389,0.062506,-0.045072,-0.098503,0.11536,0.065035,0.023119,-0.13101,0.051584,0.0043094,-0.010143,-0.054127,0.0042169,-0.01297,0.026344,0.087472,-0.067197,0.047943,0.080105,0.11471,-0.18147,-0.067059,-0.065475,-0.026374,-0.0029798,0.051356,0.046322,0.045387,-0.13413,-0.058018,-0.059657,0.0084819,0.0046696,0.023077,0.031894,0.068779,0.0057899,-0.080811,-0.054996,0.066536,0.071835,-0.053674,0.073707,0.0063392,-0.063215,-0.0053058,0.12563,0.05191,0.036599,-0.044703,-0.021116,0.1506,-0.11376,-0.063779,0.013389,0.10813
0.034833,-0.10554,0.051351,0.016756,-0.035093,0.041044,0.030656,0.026402,0.077422,-0.05779,0.13877,-0.10663,0.055203,-0.042008,0.026502,-0.055117,0.052575,0.076252,0.15709,0.023483,-0.12469,0.095618,-0.080722,-0.032364,0.049064,0.1949,0.16962,0.14443,0.023362,0.018682,-0.14233,-0.10154,0.076524,0.0019987,0.20208,-0.020928,-0.035845,-0.032583,0.054434,-0.044768,-0.02969,-0.06482,-0.11689,-0.10862,0.16785,0.033332,-0.069418,0.08354,-0.0059776,0.045363,0.1186,-0.017958,0.0047466,0.15199,0.049148,-0.13048,0.04186,0.15259,-0.014337,0.0078444,-0.050057,0.14251,-0.0020338,-0.1331
0.082163,-0.11921,0.042677,0.087101,0.091837,-0.04653,0.048738,0.010047,0.011893,0.061041,0.071835,-0.071792,0.071187,-0.096772,0.17904,0.0041774,0.02449,0.17112,0.082908,0.0015401,-0.077647,0.029644,-0.0087921,0.053568,-0.16783,0.17817,-0.13507,0.1317,-0.034037,0.066274,-0.041073,-0.1829,0.010362,0.026849,0.0020408,0.011303,-0.012906,0.015341,0.17722,-0.064843,-0.10744,0.13796,-0.13899,-0.030807,-0.037371,-0.0043049,-0.12199,-0.16726,-0.10384,-0.041649,0.033449,-0.02877,0.063634,0.0056239,-0.0356,-0.016503,-0.032085,0.10591,-0.20113,-0.11926,0.095989,-0.15062,0.015391,0.12306
0.064727,-0.12991,-0.071597,-0.013507,-0.0029381,-0.089093,0.050355,0.021461,-0.086942,0.047364,-0.05232,0.022354,0.0010658,-0.1295,0.11684,-0.015891,-0.08944,0.063506,-0.019109,-0.029242,0.021092,-0.052915,0.0055636,-0.050601,-0.16163,0.14472,0.043701,-0.12244,-0.12458,-0.074558,-0.078457,-0.078503,-0.052986,-0.025139,-0.10554,-0.088646,0.033819,-0.073762,0.11469,0.0046096,-0.061662,0.17441,0.023751,0.090545,-0.13455,0.0094174,-0.087104,0.028102,0.053191,-0.0073283,0.041255,-0.13155,-0.041416,0.04793,-0.092804,0.21814,0.04167,0.044789,0.092237,0.062787,0.053718,0.0089238,-0.096318,-0.051885
-0.03378,-0.11882,-0.14317,-0.17532,-0.078327,-0.092845,0.14439,-0.037513,0.10379,-0.077531,-0.10396,0.073496,-0.10166,-0.17414,-0.081543,-0.23104,-0.13307,-0.0019493,0.0638,-0.073526,0.074177,0.046132,0.072152,0.044334,-0.089607,0.017686,0.058549,0.019861,-0.044304,-0.021048,-0.0041293,0.1301,-0.055538,-0.080657,-0.042786,0.056923,0.15865,-0.054839,0.0043751,0.12424,0.017678,0.087373,0.032206,-0.075205,0.055874,0.0078792,0.022773,0.0073886,0.15914,-0.066194,0.050955,0.060757,-0.04993,-0.0017158,0.11614,0.021776,0.099019,0.041009,0.0048148,-0.13609,0.0088584,-0.023953,-0.011198,-0.07566
0.06127,-0.098585,-0.057003,-0.025999,-0.019487,-0.052463,0.021369,-0.053711,0.159,-0.087759,-0.010568,-0.080554,-0.087769,0.038366,-0.0242,-0.15436,0.057825,0.0036073,0.047683,0.13525,0.027389,0.13845,0.11728,-0.043562,0.047278,-0.10399,0.043476,0.16562,0.11064,0.027801,-0.081253,-0.0052777,-0.01616,0.013415,-0.09567,0.099029,0.12452,0.07319,0.03226,0.070337,0.030774,-0.037068,-0.042433,0.13314,0.16655,-0.057109,0.078976,0.056972,-0.15793,-0.02988,0.10799,-0.1364,0.12191,0.15042,0.052978,0.11937,-0.037378,0.0095324,0.036483,0.069984,-0.000687,-0.092893,-0.045845,0.026914
0.090851,-0.10124,-0.031003,0.061821,0.016754,-0.05111,-0.050701,-0.023222,0.022956,0.05038,-0.029502,-0.11799,-0.013898,0.096428,0.080936,-0.027487,0.11213,0.11733,-0.072278,0.11446,0.076556,0.050424,0.07365,-0.10776,-0.038098,-0.14732,-0.048356,0.13525,0.049331,0.034971,-0.057296,-0.13745,-0.025132,-0.067751,-0.10169,-0.025282,0.16303,0.028952,-0.16533,0.0094786,-0.073657,0.010733,0.014627,0.092006,0.10238,-0.053909,-0.10383,-0.16949,0.0060943,0.1011,0.038532,-0.10955,0.0041581,-0.042786,0.082294,-0.045196,-0.015986,0.08627,-0.16337,0.13356,0.1336,0.11006,0.015331,0.054249
0.046454,-0.095503,-0.024473,-0.0072129,-0.091471,-0.017506,-0.061933,0.057081,-0.093136,0.10873,-0.072182,-0.06045,-0.010536,0.03589,0.089917,-0.014027,0.052778,0.086922,-0.18503,0.027253,0.047586,-0.046025,0.093461,-0.12949,-0.089004,-0.05381,0.0097076,-0.081672,-0.028092,-0.004193,-0.059324,-0.098821,-0.035043,-0.11812,0.025179,0.13215,-0.013413,-0.061693,-0.1445,0.013896,-0.014083,0.026314,0.064129,-0.033924,0.072772,0.13852,-0.16359,0.18887,0.010134,0.0043074,-0.21245,-0.033464,-0.11745,-0.039829,-0.00027354,0.0152,0.10252,0.09061,-0.17953,-0.052582,-0.042159,-0.040793,0.089403,-0.023853
-0.2071,0.055904,-0.051663,-0.24278,-0.013462,-0.13916,-0.18083,0.04288,-0.02622,0.00086399,0.081216,-0.06703,-0.10598,-0.077417,-0.064154,0.10396,0.12081,0.12826,0.172,-0.032773,0.029532,0.022156,-0.17922,0.01425,-0.071984,-0.001142,-0.083255,0.012599,-0.031843,-0.13247,-0.017064,0.027658,-0.026588,0.040089,-0.10858,0.064497,0.10888,0.047111,0.01396,-0.15992,-0.028389,0.03096,0.073383,0.060715,-0.086636,-0.091189,0.029052,0.043563,-0.012941,0.043098,0.12872,-0.09222,-0.0016212,-0.010042,0.045439,-0.017909,0.15433,-0.11167,-0.093271,-0.07564,-0.033486,-0.017924,-0.018281,0.094032
-0.060387,-0.022552,0.1164,-0.087749,0.035784,0.026149,-0.068897,-0.11281,0.12367,-0.1477,0.097653,-0.155,-0.046911,-0.16134,0.044831,0.10789,0.020859,0.044093,0.049115,-0.017597,-0.15927,0.15077,-0.082599,-0.14253,-0.042155,0.09201,0.042816,-0.072522,-0.0066116,-0.017752,-0.082956,0.099077,-0.082974,-0.091176,0.11743,0.017988,0.0069578,-0.061502,-0.12663,-0.00084716,-0.058678,-0.011629,-0.0093996,0.13166,-0.13015,0.10497,0.095493,-0.042786,0.10921,-0.0024824,0.0053271,-0.031328,-0.15313,-0.057155,-0.055,0.026039,0.12531,0.088985,0.098576,0.11401,0.12475,0.11305,-0.09267,-0.077134
-0.0030932,-0.076726,0.19045,0.084691,0.072094,0.0063276,0.0027487,0.04528,0.12161,-0.053587,-0.035693,-0.081945,0.034442,-0.20128,0.22676,-0.034463,-0.014772,0.084413,0.066768,-0.083006,-0.16427,0.0084561,0.016559,0.092918,-0.13197,0.13037,-0.17932,0.026411,0.04426,0.17293,0.024594,0.051086,-0.11785,0.090564,0.047372,0.058913,-0.03343,-0.0085391,-0.041897,0.026626,0.071767,0.0028972,-0.12082,-0.037853,-0.025065,-0.012261,0.037205,-0.04589,0.01177,-0.055548,-0.14439,-0.017777,0.04361,-0.17919,0.10588,-0.0020629,-0.091173,0.054334,0.020039,-0.065644,-0.055191,-0.12684,0.069931,-0.040394
-0.036916,-0.1244,-0.014399,0.072395,0.080733,-0.046222,-0.042075,0.16257,-0.028585,-0.0030676,0.014876,0.11284,0.083497,-0.13771,0.19137,-0.052118,0.07885,-0.011678,0.10794,-0.11505,-0.034606,-0.13205,0.11154,0.016545,0.033205,0.13017,0.077509,-0.15198,0.10005,-0.045857,-0.10799,0.035494,-0.088327,0.081205,-0.038584,-0.11001,-0.039512,0.020665,-0.042274,-0.05425,0.09594,0.046263,-0.046222,0.054144,0.012396,-0.11437,0.064224,0.11412,-0.1156,0.16026,0.05589,-0.079998,0.13973,0.028947,0.11472,0.082082,0.043576,-0.039232,0.056499,0.082547,-0.13854,0.078138,-0.0069808,0.026472
-0.16228,-0.14608,-0.22822,-0.068773,0.10832,0.088171,-0.0058111,-0.029324,0.090603,0.015515,0.12914,0.21035,0.14284,0.019348,0.065289,-0.023492,0.20358,-0.043124,-0.027515,-0.14103,0.031331,0.0073549,0.048421,-0.027695,0.057032,-0.059646,-0.11658,0.0014907,0.058778,-0.10552,-0.086267,0.05931,-0.025818,-0.11333,0.067639,0.06227,-0.039704,-0.017157,-0.020694,-0.15089,0.0042024,0.043912,0.068012,-0.12985,-0.04608,-0.035344,-0.016664,-0.057412,0.025572,0.038242,0.1065,0.11783,-0.047243,0.04598,0.0405,-0.057484,0.19857,0.077123,-0.0038483,0.063138,0.054963,0.01984,0.14332,0.046754
-0.032907,-0.074901,-0.040769,-0.037562,0.039007,0.11809,-0.074547,-0.1487,0.23041,-0.040905,-0.077419,0.01677,0.0034807,0.1568,0.048604,-0.0097174,0.14099,-0.052768,-0.1541,0.10968,-0.0087965,0.12698,-0.022662,-0.069454,0.047378,0.0044551,-0.076361,-0.017786,-0.022861,0.047551,-0.18954,0.046749,-0.041476,0.14603,-0.11764,0.04449,-0.10347,-0.040183,0.079875,-0.08433,-0.054476,-0.017861,0.024833,0.049597,-0.047864,0.043584,0.10279,0.096126,0.0071925,-0.12206,-0.067556,-0.17956,-0.064819,-0.080402,-0.0021989,0.16106,0.053802,0.033768,-0.034849,-0.088499,-0.026862,0.0014978,0.10546,0.028854
0.012907,-0.064676,0.06728,0.06446,-0.0065336,-0.0073847,-0.12461,0.0078742,0.14769,0.0095031,-0.27014,-0.07031,-0.039371,0.13087,0.094368,-0.047576,0.036592,0.022655,-0.057822,0.086606,0.076864,0.022083,-0.050665,-0.040438,-0.032365,-0.087851,-0.061614,0.011538,0.058732,0.15127,-0.14652,0.06604,-0.15861,0.11274,0.024833,-0.20916,0.085248,-0.017622,-0.16353,0.010929,0.0074574,-0.021843,0.035,-0.04756,-0.020481,-0.10226,-0.021391,-0.12364,0.1324,0.11307,0.018091,-0.064765,0.032309,-0.17205,0.05771,-0.0166,-0.075393,0.13323,0.077139,0.026665,-0.066511,0.041809,-0.027573,-0.085531
-0.037504,-0.035654,-0.012813,-0.018576,-0.015114,-0.17095,-0.18336,0.1468,-0.015781,0.085643,-0.15137,-0.024701,-0.066722,0.058405,0.063056,-0.023309,0.055963,0.08523,0.064885,0.078807,0.063022,-0.1007,-0.099101,0.052794,-0.062638,-0.13848,0.084483,-0.11147,0.098774,0.03566,-0.092603,-0.048002,-0.12581,0.013217,0.1527,0.094914,0.098692,-0.0099066,-0.0045868,-0.037112,0.12096,-0.0081584,0.043559,-0.097344,0.062555,0.045728,0.015919,0.021678,-0.15119,-0.090181,-0.032512,0.058112,0.10872,0.10117,0.015428,-0.089394,0.1589,0.14158,0.1424,-0.049628,-0.018834,-0.11965,0.0090236,-0.012874
-0.16197,0.15213,-0.22424,0.067253,0.099345,-0.082368,-0.0079571,0.021059,0.081859,0.0020713,0.01545,-0.25038,0.14883,0.011911,0.043631,0.010572,-0.19395,-0.087458,0.014634,-0.14924,0.02475,0.029899,0.053693,-0.061024,0.0062512,0.0035702,-0.1236,-0.0054862,-0.044185,-0.10913,-0.089213,-0.050495,0.023941,0.11227,-0.082114,0.035477,-0.068235,0.035419,-0.019069,0.15302,-0.03788,-0.042464,-0.043446,-0.10864,0.034484,-0.080449,0.0058775,0.026453,0.040564,0.12244,-0.011037,-0.13452,0.034438,0.040341,0.04616,-0.062136,0.17374,-0.10029,0.042975,-0.10621,-0.0033979,-0.028676,0.1298,0.026415
-0.037713,0.12383,0.011117,-0.077613,0.075336,0.04412,-0.031953,-0.17348,0.0031894,-0.014187,-0.029437,-0.099507,0.069704,-0.1447,0.20475,0.01087,-0.090879,-0.029211,-0.10485,-0.095178,-0.062799,0.12565,0.097796,0.011107,-0.015485,-0.10868,0.12371,-0.15403,-0.081369,-0.049316,-0.10291,-0.031099,0.11552,-0.11522,0.046499,-0.075858,-0.031115,-0.0091317,-0.043228,0.052784,0.066414,-0.087486,0.094546,0.034504,-0.081465,-0.059589,0.047416,-0.1404,-0.13488,0.082908,0.098804,0.13418,0.10128,0.10124,0.038236,0.085351,0.048898,0.013149,-0.042911,0.004404,-0.15937,-0.053917,-0.024869,-0.0056301
-0.0034044,0.07468,0.19212,-0.081447,0.075899,-0.009552,0.0059607,-0.0064511,0.12708,-0.056533,0.017246,0.091227,0.027197,-0.19657,0.23488,-0.028592,-0.020179,0.093622,-0.056513,-0.080506,-0.14705,-0.036622,0.0070811,0.17407,-0.032312,-0.16376,-0.12891,0.038338,-0.05524,0.16226,0.031468,-0.044413,0.12848,-0.087795,-0.07252,0.071333,-0.023727,0.025274,-0.047852,-0.023265,0.058207,-0.0031774,0.10259,-0.030404,0.045388,0.011389,0.016083,0.080446,0.012816,-0.15125,0.019165,0.067062,0.074844,0.064531,-0.18944,0.0039777,-0.073431,-0.038052,-0.03947,0.073034,0.018307,0.11113,0.053389,-0.055438
-0.063517,0.016723,0.10202,0.10516,0.038417,-0.012426,-0.075389,0.1454,0.093521,-0.14272,0.15453,0.095286,-0.050294,-0.14981,0.013608,-0.12857,-0.025064,0.043045,-0.059039,-0.040845,-0.10315,-0.1835,-0.079563,-0.010701,0.15052,-0.075808,0.073108,-0.049337,0.021975,-0.03001,-0.075876,-0.091348,0.090657,0.094588,-0.094884,-0.0057752,-0.0093216,0.094296,-0.11634,0.0059866,-0.080557,0.028158,-0.015039,0.17573,0.13757,0.012558,0.087574,0.014887,0.11736,-0.011355,0.019417,-0.046567,-0.12441,-0.042397,-0.030208,0.0080863,0.1184,-0.11535,-0.11563,-0.14783,0.048269,-0.096727,-0.1129,-0.076876
-0.21177,-0.052854,-0.051474,0.23881,-0.016062,0.15849,-0.17479,-0.046765,-0.030339,0.01454,0.090015,0.014085,-0.12328,-0.076938,-0.087692,-0.093594,-0.1356,0.096967,-0.15959,-0.04012,0.040672,-0.005386,-0.17984,0.081426,0.0054315,-0.013939,-0.075624,0.022165,0.048312,-0.12174,-0.018881,-0.032834,0.017784,-0.0099076,0.094734,0.093084,0.094297,-0.050577,0.023266,0.1526,-0.062789,-0.018959,-0.017624,0.068429,-0.017978,-0.14085,0.042238,-0.065398,-0.010626,0.11598,-0.027987,0.080125,-0.034923,0.035545,-0.0089282,0.016544,0.1742,0.086068,0.091466,0.073377,-0.00047556,0.0067914,-0.018726,0.087339
-0.034976,0.044275,-0.00097887,0.0068356,-0.013234,0.17183,-0.1664,-0.1524,0.0091475,0.096886,-0.12592,0.093646,-0.078146,0.062399,0.066873,0.017139,-0.09175,0.077496,-0.041818,0.095818,0.041127,0.082483,-0.098509,0.066131,-0.006769,0.16828,0.034954,-0.11027,-0.09648,0.027318,-0.091975,0.03752,0.13625,0.0066437,-0.16674,0.081686,0.10047,0.0025606,-0.017745,0.043067,0.099517,-0.029876,-0.064454,-0.093755,-5.2114e-05,0.047144,0.014249,0.03389,-0.14754,-0.050783,-0.076556,-0.0012478,0.1443,0.039705,0.1333,-0.13599,0.12304,-0.14959,-0.065107,0.038853,0.042092,0.11382,-0.0003516,-0.04914
0.012743,0.066202,0.067627,-0.064545,-0.0010058,0.0057331,-0.11848,0.01299,0.15013,0.014579,-0.19974,0.18842,-0.037009,0.13535,0.088779,0.03408,-0.069598,0.021157,0.073958,0.081537,0.075827,-0.027364,-0.050436,-0.0078284,0.045676,0.053837,-0.084213,0.017587,-0.065885,0.13693,-0.14558,-0.071274,0.19203,-0.13226,0.022873,-0.18257,0.099952,0.064476,-0.14259,0.003562,-0.0064454,0.029661,-0.0055779,-0.046166,-0.034072,-0.10015,-0.032173,0.081551,0.14787,0.085828,0.1052,0.092683,0.043518,0.035564,-0.16809,-0.013778,-0.070304,-0.11062,-0.097129,0.010509,-0.061143,-0.040496,-0.0083908,-0.074593
-0.036016,0.081598,-0.056219,0.044804,0.042038,-0.11461,-0.077317,0.17661,0.20299,-0.045678,-0.064743,0.015702,0.024126,0.15623,0.01478,0.014643,-0.14417,-0.078796,0.14495,0.078941,0.0055364,-0.15105,-0.016818,-0.082178,0.035954,-0.043471,-0.064414,-0.012835,0.021189,0.039291,-0.18911,-0.023585,0.043058,-0.1265,0.10392,0.078415,-0.080247,0.019982,0.12324,0.067112,-0.0765,0.034251,-0.026315,0.052074,0.048179,-0.0066664,0.091671,-0.06623,-0.0025807,-0.1667,-0.059316,0.14082,-0.11838,-0.02385,-0.047871,0.15499,0.075164,-0.068822,-0.015272,0.098032,0.035165,0.018089,0.096094,0.057232
-0.035787,0.12147,-0.14324,0.17018,-0.081707,0.095811,0.14965,0.051467,0.085065,-0.07453,-0.14558,-0.011342,-0.092662,-0.18519,-0.015634,0.22156,0.14762,0.030658,-0.040575,-0.080082,0.092437,-0.0016252,0.0641,0.10727,-0.0021846,0.0084221,0.05613,0.01986,0.042712,-0.014123,-0.0045625,-0.13665,0.054293,0.1137,0.033858,0.057579,0.13519,0.043681,0.0026368,-0.1109,0.01111,-0.099355,-0.035841,-0.093024,-0.018798,0.016651,0.023364,-0.016246,0.17244,0.0041732,-0.062973,-0.076595,-0.00053789,0.09964,-0.029785,0.048378,0.099513,-0.067304,0.0025863,0.10632,0.099276,0.020811,0.0087568,-0.079505
0.063885,0.13377,-0.061684,0.0018615,0.0045016,0.083005,0.054495,-0.042391,-0.089197,0.048087,-0.056521,-0.00060819,0.0066308,-0.12292,0.13682,-0.024389,0.057048,0.085187,0.02445,-0.0054224,0.01951,0.047297,-0.00029566,0.13122,0.11869,-0.11611,0.096901,-0.085593,0.13705,-0.047979,-0.062435,0.09264,0.068272,0.044763,0.11853,-0.058019,0.037008,0.029705,0.14462,-0.011939,-0.12546,-0.15053,0.01695,0.11759,0.067757,-0.068241,-0.11269,-0.031205,0.053049,0.019745,-0.021566,0.094398,-0.09689,-0.078923,0.11036,0.16466,0.020651,-0.080504,-0.10466,-0.099358,0.0056797,-0.010533,-0.07974,-0.038918
0.08245,0.1204,0.044523,-0.080958,0.096139,0.041496,0.055021,-0.00078977,0.011564,0.051999,0.099502,0.015406,0.060586,-0.089296,0.17836,-0.050867,-0.073842,0.16837,-0.089679,0.00055022,-0.051497,-0.059202,-0.014996,0.17667,-0.006863,-0.18571,-0.067133,0.1525,0.021956,0.080139,-0.025984,0.19999,-0.0033409,0.0055494,-0.0078076,0.018299,-0.0043991,-0.046808,0.15543,0.03632,-0.14075,-0.072263,0.15063,-0.01671,0.018772,0.032346,-0.11094,0.19253,-0.070009,0.059546,-0.053741,0.060387,-0.00066527,-0.063133,-0.010692,-0.030645,-0.066733,-0.08184,0.22229,0.042589,0.13832,0.14519,0.014258,0.13704
0.030321,0.10321,0.05481,-0.0065399,-0.043873,-0.037151,0.036078,-0.00032864,0.082002,-0.068655,0.17218,0.032262,0.038107,-0.04456,0.034243,0.044016,-0.052963,0.074145,-0.18137,0.0014681,-0.081185,-0.13196,-0.08761,-0.05488,-0.026834,-0.11843,0.23001,0.14175,-0.029573,0.013553,-0.13178,0.11358,-0.06288,0.0026057,-0.19169,-0.072893,-0.016259,0.035043,0.042885,0.036388,0.021233,0.073666,0.081682,-0.14916,-0.078343,0.15056,-0.044268,-0.10277,-0.010415,0.10986,-0.045101,-0.021552,-0.034395,0.090376,0.10087,-0.14592,0.015285,-0.14352,0.058111,0.025309,-0.054468,-0.15299,0.017001,-0.10828
-0.17668,0.037439,0.060602,0.14528,-0.30525,-0.2416,0.045944,-0.19987,0.027615,0.066312,0.022871,0.11179,0.10604,0.054738,0.04755,0.12225,-0.056491,0.0095542,0.014499,-0.047068,-0.00013487,0.028565,0.029367,0.087974,-0.061261,-0.011518,0.09221,0.12117,0.18008,-0.0461,-0.059244,0.048201,-0.0073808,-0.066985,-0.04742,0.047384,-0.10085,0.091986,-0.021661,-0.0096508,0.0087539,-0.021201,-0.014596,0.047748,-0.072915,-0.061801,-0.04793,-0.081172,0.063217,0.0092815,-0.080967,-0.046655,-0.052536,0.11016,-0.049898,0.088505,0.051122,0.016049,0.0064216,-0.054431,-0.1809,0.095586,0.01007,0.076805
0.049238,0.099566,-0.021485,-0.0023512,-0.084391,0.020506,-0.052041,-0.069277,-0.080814,0.11314,-0.023071,0.078336,-0.0036529,0.03969,0.07219,2.0803e-06,-0.087803,0.092894,0.18596,0.047043,0.028927,0.040082,0.09475,-0.0033445,0.16152,0.045205,0.00089866,-0.05854,0.024785,0.0023936,-0.04851,0.11002,0.022748,0.1304,-0.021501,0.11064,-0.0054458,0.1046,-0.12499,0.014306,-0.0074898,-0.003273,-0.12906,-0.046997,0.018978,0.12112,-0.18367,-0.15501,-0.022936,-0.21094,0.074137,-0.02861,-0.099564,-0.040637,-0.070317,0.015777,0.085504,-0.11901,0.14891,0.054633,-0.0028713,0.037206,0.09489,-0.0090353
0.091675,0.10395,-0.029991,-0.057569,0.023562,0.052757,-0.041255,0.024444,0.020253,0.055076,0.032874,0.10812,-0.015845,0.10211,0.055245,0.020528,-0.14759,0.10176,0.072691,0.099352,0.08091,-0.055245,0.084301,-0.051175,0.093456,0.11797,-0.09379,0.13912,-0.059209,0.032001,-0.052633,0.11712,0.015263,0.081271,0.13951,-0.019999,0.15079,0.033609,-0.16753,0.010837,-0.042104,0.025235,-0.0074477,0.059527,-0.14277,0.02452,-0.084776,0.13921,0.02921,0.12059,0.084239,0.091813,-0.073605,0.06062,-0.097604,-0.013895,-0.029961,-0.066225,0.16395,-0.17916,0.0074961,-0.1028,0.028949,0.067513
0.05812,0.10115,-0.062252,0.038051,-0.019866,0.061511,0.03392,0.082355,0.1482,-0.086655,0.021515,0.07365,-0.091656,0.028807,-0.014488,0.16815,-0.050622,-0.0022107,-0.047415,0.096906,0.055522,-0.14338,0.12355,-0.080017,-0.0086772,0.10355,0.0010829,0.15286,-0.12739,0.010836,-0.085557,-0.019252,0.0060698,0.017091,0.081855,0.10569,0.1127,-0.069309,0.0071863,-0.071781,0.08458,0.012186,0.050673,0.064281,-0.18868,0.063141,0.097172,-0.03982,-0.15648,0.070723,-0.08578,0.1709,-0.0068971,0.076495,0.16007,0.1049,-0.042577,-0.013714,-0.014193,-0.059795,-0.03507,0.083165,-0.068236,-0.006156
-0.18339,-0.065662,0.12388,-0.15189,-0.22757,0.2628,0.16145,0.20324,-0.0094119,-0.010012,0.02078,-0.1361,0.099485,0.053214,0.062618,0.0050913,-0.090728,-0.028921,0.0050372,0.036566,-0.029535,-0.019463,0.023517,-0.043139,0.08802,0.036788,-0.046603,-0.033624,0.13541,-0.063297,0.017317,-0.055188,-0.076891,-0.091793,-0.096791,0.006289,0.13948,-0.0079412,0.020079,0.023449,0.052903,-0.039554,0.050118,0.042903,-0.020752,-0.039477,-0.087714,0.05419,-0.026518,-0.076566,0.046543,0.017261,-0.11904,-0.039751,0.076633,-0.024404,-0.20404,-0.087665,-0.03954,0.18461,-0.096512,-0.082657,0.06821,-0.016914
0.036944,-0.10778,0.054674,-0.0010706,0.010525,0.02778,0.071271,0.0075965,0.025844,-0.13997,0.12399,-0.11517,0.01761,0.095372,0.065757,0.063069,-0.011779,0.11606,0.19527,0.061245,0.060687,0.11978,-0.1185,0.034592,0.11255,-0.066874,0.16175,-0.007146,0.008075,-0.0123,0.039502,-0.14023,0.037288,-0.10786,0.048976,0.080671,-0.044574,-0.1279,-0.069264,0.049928,0.16852,-0.20963,0.025311,-0.061646,0.076428,0.14349,0.064773,0.095626,0.063331,0.15186,-0.00023921,-0.061679,-0.11506,-0.013518,0.01155,-0.087629,-0.047557,-0.058425,0.032085,-0.037631,-0.05961,0.19557,0.0043827,0.036874
0.090867,-0.11173,0.010301,0.073796,0.069375,-0.057186,0.034705,0.0070837,-0.07814,-0.024086,0.0010046,-0.079773,0.02386,0.067002,0.096261,0.083595,-0.0096582,0.12254,0.071544,-0.013973,0.12059,0.10252,-0.12181,-0.009878,0.0092955,-0.094692,0.030381,0.16289,-0.17467,-0.027119,0.13698,-0.10189,-0.014398,-0.056998,-0.10734,0.045049,-0.050222,-0.057233,-0.026889,-0.053951,0.0062733,-0.14745,0.03274,0.047959,0.036675,-0.14553,0.018557,-0.13364,0.00071155,-0.075034,-0.13909,0.093205,-0.11627,0.096595,0.068486,-0.0816,0.058924,-0.11904,-0.027132,-0.068478,0.065556,-0.13326,0.027904,0.12911
0.052514,-0.13416,-0.040248,-0.0080497,0.0039947,-0.095649,0.088481,0.017313,-0.11095,0.037079,-0.13252,-0.011061,-0.03595,-0.056615,0.053489,0.068222,-0.17803,0.025645,-0.10149,-0.013444,0.067691,0.02552,-0.15754,-0.15808,-0.022062,-0.024586,0.0084789,0.006959,-0.15395,-0.063994,0.011502,-0.024459,-0.040727,0.054026,-0.066898,0.008099,-0.065115,0.0058368,0.037145,-0.15196,-0.022186,-0.099022,0.04179,0.27834,0.015448,-0.0065548,-0.122,0.011748,0.080961,-0.062101,0.0048484,0.055817,0.040826,0.11519,-0.064541,-0.03399,-0.025291,-0.032598,0.14579,0.19327,0.070128,-0.087247,-0.010451,-0.11646
-0.044956,-0.14075,-0.10893,-0.18075,-0.03869,-0.090365,0.22104,-0.067289,0.11912,-0.058892,-0.13535,0.070347,-0.10745,-0.12252,-0.11412,-0.14475,-0.21783,0.033329,-0.036867,0.061848,0.03523,-0.010173,-0.074545,0.045495,0.049964,0.0037449,-0.048063,-0.038236,0.041637,-0.062441,-0.02613,-0.068919,-0.10533,0.049914,0.065886,-0.02932,-0.10298,-0.061874,-0.033101,-0.060076,0.0097904,-0.01925,0.057335,-0.11138,-0.0030965,0.067277,-0.13154,-0.033229,-0.02109,-0.075549,0.095304,0.018438,-0.044629,-0.014372,0.079795,-0.036448,-0.099573,-0.017861,-0.012245,-0.14904,0.038907,-0.0046569,-0.16023,-0.10218
0.050455,-0.11417,-0.0571,-0.034688,0.011617,-0.032326,0.043219,-0.09468,0.1245,-0.073584,-0.014406,-0.030987,0.0048653,0.076392,-0.12289,-0.095531,0.034425,0.15703,0.015301,0.09049,-0.017482,0.035275,0.14874,0.15386,0.21609,0.03723,-0.0088122,-0.013428,0.032569,-0.011448,-0.087894,-0.092559,0.017675,-0.022736,-0.11869,-0.046173,-0.057792,-0.082549,0.21157,0.048539,0.17719,0.016611,-0.06532,0.023673,-0.10942,-0.055102,0.086337,0.03541,-0.060158,-0.027695,0.076624,-0.055771,-0.049959,0.1266,-0.13711,-0.015403,-0.094053,0.041193,0.1486,-0.043166,0.028434,-0.15098,-0.078369,0.044537
0.084745,-0.10772,-0.021987,0.070769,0.023773,-0.032361,-0.033162,-0.036086,-0.030063,0.031249,-0.013405,-0.070013,0.1026,0.039582,-0.074415,0.0016931,0.090489,0.17351,-0.067521,-0.033027,-0.017239,-0.014454,0.11568,0.033885,0.1564,0.045717,-0.088439,0.12327,-0.064954,-0.12081,0.06084,0.013935,0.10624,-0.15372,-0.13055,-0.16774,0.067023,-0.074095,0.0688,-0.031942,0.11455,0.081085,-0.14659,0.002061,0.026015,-0.0087714,0.065793,-0.19,0.12295,-0.035647,0.021549,0.10105,-0.001468,0.029372,0.076798,0.055535,0.015366,-0.11947,0.16755,-0.08551,0.12221,0.13843,0.13668,0.011616
0.026567,-0.11533,0.011457,0.013081,-0.080051,0.0092945,-0.0098295,0.059616,-0.10849,0.074382,-0.061127,-0.051253,0.059412,-0.031317,0.023029,0.038374,-0.028882,0.066896,-0.20593,-0.035865,-0.059145,-0.028275,0.090124,-0.21578,0.09954,0.10429,-0.10675,-0.027053,0.023595,-0.038303,-0.0023518,0.088304,0.045513,-0.21523,0.0017175,0.12148,0.035233,-0.054119,0.073631,-0.09227,-0.046532,-0.0085128,-0.055467,-0.12823,0.15939,0.063534,-0.054093,0.12483,0.17163,-0.0027824,-0.10569,0.030998,0.071979,0.040684,0.0061044,0.11951,-0.049759,-0.10258,0.024635,-0.14061,-0.094894,-0.066476,-0.03109,0.073911
-0.23945,0.04547,0.043553,-0.26443,0.070316,-0.12587,-0.068565,-0.01617,-0.085219,-0.010006,0.056719,-0.090484,-0.15984,-0.099188,-0.039536,0.13711,0.15314,0.083385,-0.057287,0.13118,0.067983,-0.063064,0.083206,0.023728,0.025404,-0.013145,-0.018038,0.079611,0.00083327,-0.15628,0.0019466,-0.066142,-0.055956,0.048315,-0.12224,-0.037024,-0.027764,0.032883,-0.097611,0.053806,-0.058863,-0.025849,-0.00011648,0.054129,0.011435,-0.095018,0.0094646,0.058157,-0.051436,-0.11535,0.074157,0.13146,0.040867,-0.091089,-0.0059699,-0.058753,-0.21836,0.032788,-0.051955,-0.099241,0.055571,0.059164,0.098702,-0.11536
-0.054981,-0.03498,0.11446,-0.060234,0.10683,0.026626,-0.0083466,-0.17352,0.02853,-0.21033,0.023573,-0.18149,-0.086387,0.075956,0.049313,0.12636,-0.0072201,0.018091,0.029363,0.012562,0.18064,-0.049649,0.064841,-0.034778,-0.011225,-0.11112,0.082552,-0.12328,-0.013739,-0.072194,0.064722,0.16514,-0.027194,-0.046494,0.075849,0.0012729,-0.094934,-0.14319,-0.058586,0.040135,-0.15304,-0.024548,0.057796,0.074392,-0.024322,0.20437,0.043994,-0.058644,0.12433,-0.054612,0.099211,-0.028284,0.15926,0.090009,-0.09166,0.017391,-0.035667,0.018104,0.018113,0.036057,0.047041,-0.031202,0.0060164,0.031001
0.013925,-0.072432,0.13969,0.075291,0.068249,-0.0084694,0.0061028,0.030404,0.0046662,-0.17322,-0.14377,-0.064233,-0.014146,0.092231,0.095108,0.033962,-0.033786,-0.0062777,0.082373,-0.12692,0.20032,0.094488,-0.020436,-0.011256,0.037859,-0.066696,-0.010885,0.0333,-0.025716,0.014502,0.21897,0.14417,-0.17854,0.050435,-0.040478,0.010486,-0.06313,-0.061896,0.0099445,-0.016739,-0.11016,-0.03617,0.064988,-0.17336,-0.041802,-0.12537,0.032066,-0.054055,-0.11841,-0.056443,-0.12447,0.03001,-0.096332,0.078188,-0.013687,0.057424,0.09117,-0.092336,-0.076626,-0.11025,-0.087826,-0.081952,-0.074778,-0.0086199
-0.054196,-0.11935,0.021113,0.028381,0.11174,-0.071402,0.026517,0.18155,-0.10163,-0.022121,-0.13177,0.16006,0.037564,0.011101,0.14528,0.10663,-0.0012112,-0.10989,0.066535,-0.069125,0.1258,0.14348,0.0079698,-0.059322,0.058958,0.02947,0.17324,0.0063192,-0.011257,-0.02642,0.0017485,0.00092966,-0.17118,0.10836,-0.11217,-0.042518,-0.0015304,0.0047107,0.19011,0.10912,0.077877,0.010111,0.025556,0.076748,0.026551,0.0014616,-0.074864,0.055699,-0.083165,0.15197,0.048935,0.075075,0.036895,-0.027659,-0.20217,-0.031238,-0.050672,-0.06278,0.038976,-0.020405,-0.045893,0.16478,0.059876,-0.025179
-0.19014,-0.17109,-0.1596,-0.066254,0.19034,0.088269,0.093432,-0.02924,0.023935,0.086633,0.054359,0.23989,0.15209,0.048581,0.069333,0.15644,0.061259,-0.040087,0.023131,0.064287,-0.020552,-0.033042,-0.074298,-0.017676,-0.040133,0.044643,0.070348,0.049166,0.019603,-0.12214,-0.00049053,-0.028019,-0.024697,-0.047536,0.11436,-0.014754,0.049023,-0.10072,-0.020219,0.089988,-0.079772,0.025162,0.026079,-0.18068,0.038358,-0.0038989,0.016192,-0.073881,0.023524,-0.1231,0.066581,0.016598,0.076662,-0.14786,-0.068715,-0.084479,-0.15809,-0.078535,-0.031711,0.031555,0.054929,0.0039629,0.017959,-0.008248
-0.052983,-0.096902,-0.0040526,0.006755,0.078487,0.14782,-0.052134,-0.17484,0.11801,-0.014036,-0.065186,0.01407,0.15191,0.13873,-0.11222,0.058128,0.066502,0.12118,-0.014597,0.030585,-0.14254,-0.11409,0.040278,0.065192,0.036092,0.18102,0.046844,-0.13078,-0.085153,-0.019434,0.058891,0.07671,-0.076645,0.057073,-0.088425,0.055211,0.0056047,-0.013344,0.094156,-0.0021168,-0.18889,-0.11336,-0.096538,0.11209,-0.10385,0.0269,0.055021,0.15159,0.034686,-0.10678,-0.089193,0.044032,0.0045243,0.026342,-0.054449,-0.10212,-0.039819,0.017067,-0.12454,0.030421,-0.13874,-0.064578,-0.11045,0.12713
0.0020574,-0.072169,0.10905,0.07481,-0.0026452,0.0096588,-0.098801,0.0023578,0.04611,-0.026135,-0.20808,-0.049954,0.13195,0.022666,-0.17985,-0.0043528,0.038455,0.11742,-0.049017,-0.14397,-0.13038,-0.018698,0.050327,0.065838,0.12343,0.052457,-0.05093,0.043142,0.010497,-0.10357,0.1919,0.17778,-0.11336,0.051169,0.034101,-0.22758,0.038537,-0.066615,-0.052525,-0.042971,-0.00090056,0.060849,-0.085525,0.02315,-0.016191,0.13682,-0.0044559,-0.091094,-0.043012,0.098151,0.017746,0.088441,-0.051943,0.016862,-0.0327,-0.013823,0.097252,-0.10174,-0.074,0.048437,-0.030275,0.14307,0.070753,-0.12946
-0.07438,-0.042406,0.06689,-0.051874,-0.0058475,-0.15483,-0.14178,0.14729,-0.090784,0.056309,-0.15657,0.014408,-0.011812,-0.077858,-0.087907,0.044996,0.079156,0.13194,-0.14783,-0.0019255,-0.092511,0.04082,0.079944,0.020552,0.14702,-0.0078687,0.06977,0.0066115,0.085084,-0.0235,0.069449,-0.0097907,-0.044646,0.014311,0.15078,0.21629,-0.045424,-0.13071,-0.058464,0.047045,0.1709,0.1083,-0.0013062,-0.051661,0.051912,0.0088122,-0.022326,0.0023114,-0.15536,0.11041,-0.044372,0.047844,0.07469,-0.0096707,-0.11028,0.045333,-0.015136,-0.1164,0.032532,0.052635,0.14534,-0.042984,-0.14773,0.043705
-0.19221,0.17272,-0.15198,0.055045,0.18461,-0.098556,0.080993,0.0083809,0.0091979,0.075421,-0.069636,-0.24647,0.15485,0.055738,0.035021,-0.16407,-0.057567,-0.065424,-0.044743,0.059639,-0.015678,0.0099577,-0.071341,0.025555,0.031209,-0.0074623,0.090992,0.056613,-0.015088,-0.12805,0.0056763,0.026437,0.016809,0.06304,-0.10779,-0.040746,0.054889,0.09595,-0.010071,-0.088686,-0.058477,-0.0055039,-0.043532,-0.17758,0.0022285,0.010633,0.0361,0.10047,0.047619,0.020554,-0.13029,0.029762,0.05383,-0.10315,-0.13866,-0.054518,-0.13345,0.1348,0.0091938,-0.061012,0.023184,-0.0038583,0.0065523,-0.0046278
-0.055302,0.11337,0.048874,-0.037178,0.10561,0.059449,0.034563,-0.21041,-0.066216,-0.03758,-0.18201,-0.068824,0.023399,0.030624,0.12003,-0.11416,-0.0026461,-0.11707,-0.057324,-0.099109,0.16001,-0.1239,0.019877,-0.076003,0.013473,0.031185,0.17439,0.011265,-0.0070379,-0.030738,0.020951,-0.0076854,0.17191,-0.094269,0.10805,0.013351,0.018914,-0.056752,0.18455,-0.10275,0.076427,-0.043858,-0.018821,0.062281,-0.025229,0.011116,-0.077574,-0.081729,-0.092374,0.11009,0.10022,-0.050162,0.033046,-0.187,0.026576,-0.041855,-0.05023,0.078594,-0.062782,0.053046,-0.025341,-0.15571,0.075634,0.012815
0.013056,0.067027,0.14335,-0.071646,0.071117,0.0040052,0.0084697,-0.023098,0.010181,-0.17105,-0.089495,0.13725,-0.025294,0.10148,0.085766,-0.049525,0.015684,-0.0051318,-0.053314,-0.14089,0.21532,-0.023555,-0.013902,-0.040349,-0.0098342,0.069363,-0.038877,0.034182,0.014544,0.0032867,0.22533,-0.14879,0.14595,-0.060067,0.026946,0.038323,-0.069802,0.058015,0.035738,0.0017785,-0.11239,0.064989,-0.031042,-0.16317,-0.007459,-0.15353,0.03004,0.10062,-0.10837,-0.11632,0.024538,-0.091837,-0.078177,-0.0072891,0.076534,0.070635,0.092318,0.061842,0.067421,0.15144,-0.016663,0.077447,-0.07056,-0.029813
-0.059457,0.023931,0.098501,0.081052,0.11546,-0.022887,-0.018967,0.1925,-0.01404,-0.1893,0.098648,0.15904,-0.087929,0.07535,0.023993,-0.12801,-0.0065817,0.0045803,-0.0047182,0.024904,0.16329,0.092617,0.073601,-0.00933,0.051673,0.13377,0.042528,-0.11582,0.032986,-0.076771,0.049831,-0.15758,0.012729,0.028528,-0.062046,-0.021505,-0.099013,0.16155,-0.01109,-0.074322,-0.14009,0.072478,-0.094146,0.097735,0.07495,0.15538,0.048952,0.02114,0.14226,0.068902,-0.096547,0.10429,0.084602,-0.081781,0.12547,-0.0085387,-0.059942,-0.0093852,0.010722,-0.065075,0.012699,0.038897,0.011798,0.013294
-0.2437,-0.052219,0.035691,0.26006,0.078675,0.13865,-0.066358,0.0076766,-0.099758,0.013524,0.082842,0.039231,-0.15733,-0.096903,-0.077506,-0.1181,-0.15725,0.04413,0.068377,0.13913,0.043158,0.054633,0.085656,-0.019479,-0.04216,0.0097201,-0.015529,0.084085,0.016201,-0.15396,0.0058,0.070137,0.049837,-0.066438,0.12624,-0.00037575,-0.0081319,-8.7369e-05,-0.092568,-0.058876,-0.024163,0.037403,0.017417,0.026131,-0.083545,-0.058518,0.04568,-0.035627,-0.055188,0.0083758,-0.14976,-0.077207,0.085137,-0.040993,-0.11481,-0.0156,-0.21343,0.020657,0.041289,0.038406,0.10071,-0.077772,0.095213,-0.081749
-0.070651,0.043435,0.077577,0.03755,-0.0039092,0.1561,-0.12428,-0.16442,-0.063244,0.061189,-0.13682,0.063828,-0.0017633,-0.07437,-0.11475,-0.022138,-0.095784,0.1151,0.13919,-0.012837,-0.10616,-0.061296,0.080369,-0.13189,-0.08504,0.013534,0.064397,-0.016343,-0.08508,-0.037371,0.084129,-0.0060979,0.026419,-0.016062,-0.19019,0.18937,-0.031543,0.14039,-0.037776,-0.021158,0.12635,-0.15877,-0.032349,-0.052181,-0.00083866,0.034097,-0.034646,0.013333,-0.15426,0.016666,0.094482,-0.010697,0.060627,-0.11172,0.048373,0.027652,-0.004028,0.11844,-0.020494,-0.11818,0.088195,0.039989,-0.18015,0.042281
0.001138,0.069317,0.11249,-0.075966,0.0010659,-0.012294,-0.094685,-6.0435e-05,0.049805,-0.025337,-0.14974,0.15163,0.13313,0.016736,-0.18143,0.03069,-0.042356,0.10434,0.030608,-0.14129,-0.14708,0.035616,0.047109,-0.066093,-0.10487,-0.075853,-0.032186,0.030782,0.0015056,-0.10917,0.19407,-0.19329,0.11783,-0.077267,0.0075617,-0.20959,0.034105,0.051748,-0.034187,0.048614,-0.055154,-0.070077,0.045877,0.04248,0.099782,0.1307,-0.0054862,0.060648,-0.032479,0.074605,0.078281,-0.10693,-0.029068,-0.046095,0.0086711,0.0039928,0.092681,0.087602,0.061786,-0.008673,-0.081871,-0.14258,0.093239,-0.12183
-0.058176,0.10135,-0.016669,-0.0034562,0.085597,-0.15327,-0.063665,0.18307,0.083203,-0.014202,-0.056602,0.017896,0.15752,0.13512,-0.11911,-0.04218,-0.077445,0.094555,-0.015484,0.050946,-0.16023,0.082143,0.035929,0.019523,-0.068664,-0.15598,0.11402,-0.11917,0.090427,-0.016058,0.065266,-0.075198,0.062521,-0.011879,0.080586,0.077939,0.016846,-0.020696,0.10183,-0.038866,-0.14133,0.1713,0.09776,0.1213,0.046484,0.0094713,0.056369,-0.12572,0.010986,-0.16522,-0.080911,-0.044787,0.005613,-0.056464,-0.015763,-0.093423,-0.061613,-0.0057228,0.098457,0.070009,-0.13049,0.075515,-0.13264,0.10588
-0.048227,0.14358,-0.11203,0.17892,-0.035806,0.087576,0.22164,0.089854,0.093296,-0.049293,-0.17933,-0.0027475,-0.08873,-0.1253,-0.060541,0.13674,0.21856,0.074156,0.049209,0.061867,0.031587,0.016212,-0.087755,-0.026893,-0.048532,-0.017233,-0.044454,-0.047888,-0.014599,-0.075167,-0.014948,0.081394,0.11197,-0.079034,-0.055193,-0.026194,-0.082216,0.080296,-0.00298,0.066922,-0.010142,0.027091,-0.087413,-0.092618,0.047936,0.032017,-0.11011,0.045433,-0.0031353,0.072256,-0.12097,-0.043463,-0.0061752,0.085196,-0.047837,0.0024498,-0.083589,0.036931,0.020146,0.12078,0.12603,-0.010446,-0.12063,-0.065033
0.051157,0.13639,-0.029221,-0.0044762,0.012817,0.087233,0.089449,-0.044095,-0.11563,0.043551,-0.11758,0.06739,-0.028107,-0.038986,0.053418,-0.088983,0.15045,0.056605,0.1064,-0.010386,0.077486,-0.026996,-0.14926,-0.065053,0.15037,0.032943,0.012649,0.041841,0.16944,-0.037071,0.016698,0.02332,0.024478,-0.059181,0.077787,0.033483,-0.05439,-0.0032724,0.072587,0.12754,0.009445,0.11142,-0.019942,0.26812,-0.11297,0.033597,-0.088774,-0.026059,0.073187,-0.019814,-0.0739,-0.058847,0.042295,-0.01181,0.13786,-0.080117,-0.027223,0.051499,-0.11257,-0.20886,-0.044617,0.067232,0.0019793,-0.088958
0.090694,0.11128,0.014683,-0.070443,0.073158,0.051416,0.038263,-0.019912,-0.077715,-0.023304,0.040687,0.066511,0.010152,0.084351,0.066912,-0.10057,-0.025593,0.11538,-0.065209,-0.036528,0.13948,-0.076325,-0.10445,-0.035662,-0.020276,0.12366,-0.0075072,0.16492,0.16024,-0.019012,0.15335,0.087489,-0.028144,0.041117,0.1062,0.05243,-0.048471,0.074559,-0.00095066,0.059371,0.080364,0.13461,0.0058327,0.031359,-0.10949,-0.098416,0.055125,0.15238,0.01098,-0.11941,0.029753,-0.16334,-0.054581,0.097347,0.046972,-0.052648,0.075731,0.11384,0.044314,0.029385,0.096914,0.1437,0.0068904,0.099442
0.03143,0.10312,0.060521,0.016817,0.0035932,-0.029444,0.073842,0.017613,0.026664,-0.14368,0.16481,0.051914,-0.0091468,0.10388,0.042959,-0.076393,-0.0051891,0.10611,-0.1989,0.028068,0.084662,-0.11036,-0.10668,-0.097909,-0.099843,0.13231,0.11358,-0.04233,-0.020112,-0.039328,0.05727,0.1236,-0.055146,0.085323,-0.056246,0.033639,-0.028142,0.14144,-0.043279,-0.0041895,0.25151,0.1262,-0.093784,-0.066347,0.096024,0.11729,0.061052,-0.13797,0.036814,0.040708,0.13403,0.014594,-0.10207,0.046991,-0.0558,-0.058737,-0.027503,0.061192,-0.058179,0.063292,-0.039746,-0.19918,0.014566,0.023392
-0.19548,0.058,0.1321,0.15067,-0.24161,-0.25806,0.15917,-0.17805,0.023922,-0.00093021,0.090104,0.11147,0.07851,0.047334,0.072534,-0.028218,0.088422,-0.0068518,-0.0093756,0.0422,-0.026904,0.010586,0.020638,-0.091822,0.012269,-0.059051,-0.043639,-0.041732,-0.13674,-0.085144,0.027149,0.038038,0.075894,0.11935,0.098466,0.012235,0.11741,-0.014353,0.01903,0.0044081,0.072656,0.012929,-0.03937,0.038481,-0.017813,-0.056648,-0.072129,-0.040005,-0.036097,-0.0056845,-0.099699,-0.072824,-0.084264,0.091226,-0.1011,0.0192,-0.17544,0.10882,0.0040028,-0.066697,-0.17925,0.10368,0.059182,-0.020523
0.029074,0.11545,0.016687,-0.021951,-0.074122,-0.0056271,-0.0057723,-0.077036,-0.098868,0.076473,-0.016894,0.067776,0.068755,-0.035839,0.0070671,-0.047173,0.0070034,0.079147,0.18412,-0.018729,-0.06577,0.018761,0.085017,-0.17783,0.14427,-0.16837,-0.052982,-0.017234,-0.015187,-0.034302,-0.0018689,-0.090752,-0.058995,0.24217,-0.024141,0.07752,-0.022723,0.022214,0.065387,0.08611,-0.0090889,0.023011,0.030051,-0.16906,-0.069389,0.15292,-0.049981,-0.12059,0.13959,-0.12605,0.044728,-0.000322,0.080958,-0.0063742,0.079438,0.10853,-0.035138,0.10577,-0.035032,0.15458,0.025404,0.074694,-0.01189,0.10208
0.085051,0.10854,-0.018539,-0.06992,0.029046,0.030492,-0.028009,0.022596,-0.034646,0.031213,0.031797,0.063877,0.10485,0.030036,-0.08907,0.009289,-0.10746,0.14539,0.045431,-0.034893,-0.038193,0.035377,0.12027,-0.1216,-0.11444,-0.083897,-0.073531,0.10256,0.074111,-0.1103,0.063347,-0.036621,-0.10024,0.13526,0.14492,-0.17417,0.028407,0.02524,0.067546,0.045345,0.10086,-0.14267,0.15534,-0.0067181,0.010127,0.046633,0.085213,0.17215,0.14469,0.0319,-0.007001,-0.074785,0.060021,0.090239,0.04345,0.057619,0.034203,0.11176,-0.12759,-0.0096175,0.14838,-0.12725,0.15827,0.023655
0.046322,0.11806,-0.063003,0.048357,0.013613,0.034414,0.051996,0.11726,0.10845,-0.074467,-0.0042102,0.03016,0.0058599,0.064659,-0.11167,0.11274,-0.039948,0.13574,-0.031076,0.075798,-0.027671,-0.035803,0.14766,-0.12205,-0.24678,-0.048141,-0.0093881,-0.053421,-0.038351,-0.025105,-0.068324,0.091099,0.0052185,0.0104,0.095858,-0.040781,-0.049789,0.013641,0.21946,-0.049019,0.17085,-0.092753,0.089506,0.038857,0.086102,-0.10703,0.079109,-0.02554,-0.058271,0.040912,-0.060478,0.03696,-0.080384,-0.057357,0.15035,-0.075516,-0.11021,-0.037181,-0.13417,0.0092457,0.059651,0.12735,-0.10832,0.011864
-0.10175,-0.055963,0.12325,-0.11211,-0.13928,0.21903,0.21209,0.13439,-0.042706,-0.024563,0.081564,-0.13229,-0.0072189,0.14097,0.068518,0.094712,-0.15815,-0.070576,0.021623,0.013405,-0.050827,-0.040777,-0.0053199,-0.053816,0.066438,-0.09957,-0.13716,-0.17053,0.28661,0.066027,0.081911,-0.018805,0.04914,-0.03677,-0.1485,-0.10905,0.25854,0.10837,0.084792,-0.031352,0.029341,0.079701,-0.026868,0.010135,-0.10537,-0.0045486,0.047547,-0.15091,-0.1517,0.025302,-0.063686,0.0034374,0.097571,0.026705,-0.10623,-0.016535,0.18145,0.11662,0.033224,-0.1184,0.20131,0.023062,-0.015472,-0.034116
0.082635,-0.072946,0.026897,-0.0083678,0.017026,0.0095925,0.059541,-0.028469,-0.056366,-0.077999,0.10503,-0.088851,-0.042207,0.14653,-0.033569,0.091024,-0.0082188,0.039999,0.10399,-0.048603,-0.0021905,-0.012526,-0.034119,0.14065,0.037256,-0.14729,0.035423,-0.10703,0.039831,-0.048822,-0.028249,-0.043672,0.17769,-0.017186,0.0069915,0.081321,-0.003427,-0.045271,-0.10141,0.062483,0.17705,0.13082,-0.035089,-0.089725,-0.059074,0.031211,-0.01831,0.14289,0.071972,0.15206,-0.058812,-0.012023,0.061248,-0.24528,-0.0032519,0.22195,-0.01737,0.028063,0.0091369,-0.083854,-0.027232,0.017054,0.039409,0.058436
0.12552,-0.071875,0.0010201,0.047954,0.03291,-0.042893,0.025447,-0.0056211,-0.10379,0.0076013,0.036895,-0.067617,-0.0083581,0.058708,-0.053176,0.066523,0.0047136,0.015439,0.016687,-0.081081,-0.02256,-0.0021783,-0.058439,0.096234,0.039854,-0.10031,-0.035195,0.071776,-0.094448,-0.10351,-0.05972,0.03462,0.15199,-0.013641,-0.032397,0.056904,-0.0048523,0.047566,-0.11542,-0.040753,0.1088,0.11611,-0.027746,-0.033227,-0.048312,-0.14818,0.10264,0.095566,0.043198,-0.072251,-0.0044071,0.10419,-0.039023,-0.15531,0.16139,0.090127,-0.080094,0.040109,0.028673,0.011178,-0.096482,-0.08085,0.039448,-0.10544
0.090394,-0.094983,-0.014134,0.005012,-0.0038488,-0.06773,0.079154,-0.0021008,-0.096607,0.037641,-0.061917,-0.042284,-0.058386,-0.017292,-0.044492,0.050711,-0.12501,-0.021667,-0.1114,-0.049074,-0.075383,-0.0077202,-0.13549,-0.067669,0.050171,-0.063445,-0.10411,0.02693,-0.046002,-0.023306,-0.055534,0.08059,0.12841,0.085681,0.022991,0.023072,-0.094619,0.12647,-0.073059,-0.23746,-0.0025422,-0.021153,-0.10277,0.16338,0.010746,-0.022002,0.1495,0.081918,0.0086609,-0.037509,0.070192,0.07032,0.12688,0.0073849,0.087868,-0.068153,-0.045959,0.085029,0.035005,0.17411,-0.070751,0.076215,0.18181,0.03008
0.012871,-0.12413,-0.068962,-0.13257,-0.0093542,-0.063883,0.2132,-0.078849,0.056291,-0.01378,-0.063016,0.044925,-0.10214,-0.041335,-0.11757,-0.039277,-0.21314,0.04145,-0.077992,0.089402,-0.063253,-0.073201,-0.13398,0.048246,0.071783,-0.015203,-0.10334,-0.097266,0.080241,0.058903,0.049548,-0.12228,0.02049,0.1362,0.14485,-0.072812,-0.23281,0.047454,-0.12497,-0.17214,-0.072865,-0.070949,-0.055779,-0.05715,-0.048916,0.03848,-0.039728,-0.097242,-0.15926,0.16026,-0.09982,-0.01509,0.042034,0.0030352,0.061274,0.0077273,0.045822,-0.0993,-0.12562,0.016155,-0.05166,0.16492,0.10618,0.20295
0.077614,-0.097602,-0.049242,-0.017961,0.015122,-0.014324,0.052428,-0.089368,0.0082512,-0.041969,0.037016,0.0090699,0.058961,0.017477,-0.11847,0.0068577,-0.034759,0.067032,0.05592,0.094948,-0.020036,-0.075383,0.014726,0.15243,0.099981,0.032455,0.01633,-0.14185,-0.052334,0.083016,0.010292,-0.16404,-0.0056167,0.032904,0.01169,0.017085,-0.11803,0.11895,0.085775,0.08348,0.072585,-0.027846,0.14763,0.0029028,-0.17064,-0.1786,-0.087185,0.019364,0.047819,0.16084,-0.14559,-0.020086,-0.019352,-0.10322,-0.16492,-0.094382,0.12935,0.0471,0.011393,0.15574,0.0043593,-0.18403,0.10613,-0.10477
0.08973,-0.090434,-0.019869,0.06611,0.00048596,-0.020146,-0.030368,-0.031301,-0.081886,-0.038338,0.053662,-0.01592,0.21753,-0.12202,-0.068625,0.040727,0.013094,-0.045703,0.052157,0.14004,0.14519,-0.040999,-0.070956,0.098781,0.060561,0.044209,-0.073593,0.018219,-0.17866,-0.046375,-0.05567,-0.025102,0.0039074,-0.11061,0.051909,-0.084803,0.023062,0.24929,0.041155,0.062731,0.17906,0.0025077,0.23529,0.020194,0.026774,0.015292,0.019401,-0.087384,0.038619,-0.19064,-0.026821,-0.044645,0.071641,-0.24217,0.063541,-0.023634,0.10794,0.038259,0.11735,0.032672,-0.081576,0.033025,-0.18005,-0.053404
0.058646,-0.095917,0.020349,0.028578,-0.04871,0.013983,0.033513,0.037551,-0.10617,0.013058,0.012416,-0.038095,0.047688,-0.029183,0.014959,0.072209,-0.087923,-0.043399,-0.066578,0.025664,-0.025186,-0.00045496,-0.047144,-0.17798,0.09578,0.0339,-0.092436,-0.042204,0.012898,0.058812,-0.022055,0.11723,0.056278,-0.12662,0.041329,0.054605,0.054711,0.15717,0.098596,-0.11506,-0.11209,-0.07713,0.097684,-0.11519,0.08849,-0.026561,0.18946,0.0051556,0.12626,-0.046534,0.072195,-0.11746,0.18397,0.038072,-0.046928,-0.083234,0.029687,0.040496,0.069684,-0.1911,-0.12008,0.047234,-0.19373,-0.039151
-0.15749,0.029666,0.080523,-0.21496,0.09767,-0.075722,0.025619,-0.057886,-0.15451,0.02397,0.044647,-0.08355,-0.22774,-0.012134,-0.028134,0.13451,0.12486,-0.031441,-0.14311,0.089427,0.0045064,-0.16844,0.22233,0.037769,0.025976,0.098253,-0.06922,0.10252,0.0072114,0.13564,-0.029012,-0.048921,-0.010777,0.01877,-0.0065994,-0.22628,-0.10053,0.13277,0.10489,0.17879,0.016695,-0.094031,-0.10516,-0.0044799,0.14706,-0.05915,-0.041525,-0.062477,0.028687,-0.069092,-0.15299,0.059324,-0.10273,0.022327,0.040594,-0.025745,0.17486,0.079947,0.08682,0.023189,-0.15117,0.081911,-0.024512,-0.01311
0.013256,-0.027845,0.066754,-0.013657,0.08824,0.010536,0.019116,-0.14654,-0.078244,-0.082714,0.010135,-0.13731,-0.095266,0.14098,-0.087065,0.056512,0.024793,-0.069145,0.0248,-0.11693,-0.0016226,-0.20729,0.10308,0.14793,-0.090788,-0.065727,-0.0010301,-0.044966,0.022872,-0.020253,-0.15046,0.05818,0.031057,0.056354,0.13452,0.00056677,0.0066945,-0.021563,0.029654,-0.029229,0.013408,0.26127,-0.040188,0.026882,0.1499,0.072179,-0.21892,0.028859,0.11161,-0.032036,-0.0039429,-0.052876,0.20263,0.1192,0.027792,-0.014301,0.019946,-0.067771,-0.002804,0.050337,0.015206,-0.02982,-0.055404,0.106
0.073946,-0.046358,0.085135,0.050647,0.035195,-0.013779,0.024955,0.008571,-0.05943,-0.072014,-0.057249,-0.053113,-0.016501,0.086739,-0.12277,0.041892,0.0014092,-0.10518,0.02824,-0.17997,-0.058741,0.01237,-0.024301,0.1574,0.015175,-0.087055,-0.070512,0.038028,-0.0070522,-0.10822,-0.14619,0.13228,0.0066439,0.083852,0.011854,0.061319,0.076856,0.032523,-0.046321,-0.028813,-0.064628,0.172,0.019541,-0.11474,-0.055537,-0.064985,-0.02766,0.085492,-0.099259,-0.053848,0.036157,0.037976,-0.11374,0.099089,0.035462,-0.037889,-0.090027,0.03396,-0.18987,-0.011524,0.022233,-0.022066,-0.10861,-0.1414
0.0082185,-0.083921,0.032721,-0.0079292,0.072229,-0.053997,0.065566,0.10417,-0.1167,0.028205,-0.10691,0.097148,-0.028167,0.041298,-0.028712,0.15167,-0.039096,-0.15639,-0.060318,-0.12127,-0.12333,0.15464,-0.095674,0.031986,0.029947,-0.080642,0.023765,0.092121,-0.054695,0.047189,-0.14248,0.11708,0.099555,0.16367,-0.087811,0.048805,0.061076,0.039411,0.074065,0.1391,0.072328,-0.032212,-0.1035,0.13945,-0.055395,0.10847,0.073998,0.073008,-0.02091,0.03162,0.11366,0.052934,-0.17248,-0.035536,-0.079367,-0.12192,0.039641,0.24484,-0.11218,-0.010205,0.094621,-0.012778,0.013781,0.079247
-0.11551,-0.15613,-0.090018,-0.045752,0.18958,0.059973,0.13776,-0.039652,-0.077371,0.13777,0.030144,0.16969,0.046163,0.069338,0.031615,0.23326,-0.052473,-0.064498,0.019614,0.09937,-0.13534,-0.051613,-0.11394,-0.03512,-0.15419,-0.086192,0.12745,0.089892,0.00042009,0.16576,0.14102,0.014178,0.10404,0.10478,0.072084,-0.047968,0.07043,-0.088617,-0.14154,0.14286,0.040598,0.018662,-0.15739,0.022301,0.14694,0.028868,0.0877,-0.091379,-0.0022423,-0.046492,0.0084039,-0.11474,-0.042786,0.0052316,0.11957,0.218,0.039835,-0.079625,0.043488,-0.057581,-0.03712,-0.079553,-0.11326,-0.0068993
-0.0080147,-0.085457,0.01438,0.039112,0.064918,0.10802,-0.0087537,-0.11947,-0.041995,-0.027758,0.024588,0.0048754,0.14159,0.017409,-0.094457,0.090344,-0.012339,-0.035687,0.13094,0.10053,-0.042452,-0.17653,0.031927,0.028401,-0.090585,-0.015214,0.1128,-0.11841,-0.052981,0.1902,0.11176,-0.021188,-0.14644,0.068489,-0.05379,0.16054,0.076664,0.1283,-0.03277,0.032979,-0.109,0.044751,0.082506,0.10113,0.099547,-0.1985,-0.10591,0.092138,0.13449,0.141,-0.067743,0.11047,0.025769,0.23724,0.067099,0.051402,-0.030793,0.021516,0.030189,-0.041902,0.07231,0.0032636,0.11749,-0.13761
0.023122,-0.058229,0.095726,0.067624,-0.030205,0.015489,-0.077855,0.0021053,-0.049935,-0.1393,-0.021172,-0.030245,0.27693,-0.1958,-0.13282,0.03538,0.012748,-0.1784,0.047438,0.16232,0.18314,-0.022248,-0.057228,0.11986,0.043379,0.015306,-0.099622,0.0068838,-0.059758,0.0070175,-0.05567,0.10726,-0.095328,0.0058988,0.087575,-0.043072,0.063492,0.17679,-0.032583,0.048089,-0.0087561,0.069282,0.16148,0.0065486,0.067306,0.16348,-0.041679,-0.024832,-0.13812,-0.035358,0.040834,-0.027915,-0.025862,0.075432,0.042668,0.037661,-0.034477,-0.021559,-0.18027,0.00554,0.059758,0.11313,0.076331,0.10615
-0.027475,-0.038503,0.091658,-0.049074,-0.0037584,-0.083613,-0.047441,0.087461,-0.13446,-0.021225,-0.046415,0.0066343,-0.019149,-0.11595,-0.065813,0.097562,0.029931,-0.076155,-0.16214,0.076366,-0.0049434,0.070164,0.10869,-0.058203,0.17792,0.10153,-0.046457,0.022732,-0.019039,0.16326,-0.031416,0.11588,0.087645,-0.035205,0.13732,0.16319,-0.11415,0.069599,0.086319,0.18594,-0.050275,-0.076166,0.066843,-0.15843,-0.062573,-0.057254,0.13288,-0.071747,0.0569,0.16596,0.085589,-0.21659,-0.063806,-0.0086198,-0.039977,-0.026017,-0.043755,-0.040946,-0.11519,0.048665,0.052209,-0.12017,0.055329,0.08484
-0.11956,0.15379,-0.080065,0.029728,0.18919,-0.079657,0.11866,0.0051933,-0.095263,0.13434,-0.06289,-0.17305,0.047137,0.080112,-0.0050307,-0.2238,0.065791,-0.069962,-0.039364,0.09681,-0.1345,-0.014483,-0.10244,0.10553,0.095373,0.14371,0.099323,0.10785,-0.029555,0.17406,0.11677,-0.041666,-0.1189,-0.11086,-0.053467,-0.050385,0.094255,0.10825,-0.1279,-0.12012,0.076621,-0.047804,0.10909,-0.024257,-0.052205,0.14958,0.089566,0.094238,0.0076582,-0.0049197,-0.012562,0.086717,-0.10773,0.09019,-0.0067785,0.23754,0.067134,0.020991,-0.062878,0.070334,0.0035898,0.079789,-0.11462,-0.01197
0.0064244,0.076352,0.05153,0.0012955,0.068478,0.039044,0.067729,-0.13341,-0.097507,0.018457,-0.133,-0.032466,-0.028711,0.056517,-0.064844,-0.12653,0.073697,-0.15759,0.056109,-0.15581,-0.10181,-0.16537,-0.07171,-0.013939,-0.059789,0.076025,-0.0071159,0.080677,0.035744,0.047999,-0.17118,-0.10879,-0.09621,-0.12025,0.078265,0.075417,0.091829,-0.06032,0.07448,-0.12553,0.075609,-0.00036078,0.065161,0.14433,0.13534,0.07409,0.059648,-0.10094,-0.022572,0.084887,-0.017388,-0.10848,-0.13771,-0.085127,-0.096518,-0.14207,-0.014046,-0.23338,0.077119,-0.040824,0.092369,-0.0016331,0.041798,0.088556
0.072733,0.041115,0.089058,-0.048348,0.03679,0.007769,0.026685,-0.017903,-0.055951,-0.070321,-0.02245,0.082306,-0.02187,0.085984,-0.12617,-0.0097109,0.037097,-0.11027,-0.021523,-0.17901,-0.066309,0.023287,-0.019898,0.066375,-0.13334,0.049476,-0.10149,0.0259,0.027963,-0.1021,-0.16267,-0.11642,-0.005571,-0.052161,-0.023047,0.074315,0.076597,-0.015497,-0.045034,0.029954,-0.1502,-0.13022,-0.0078837,-0.10234,0.018622,-0.095035,-0.032189,-0.051274,-0.09683,-0.0080165,-0.078887,-0.10664,-0.10186,0.043803,0.025986,-0.020485,-0.10986,-0.019725,0.20239,0.011361,0.0076505,0.024378,-0.10703,-0.12546
0.0091146,0.017615,0.056418,0.026292,0.098391,-0.016612,0.010479,0.14029,-0.10942,-0.064184,0.063531,0.12631,-0.097024,0.12883,-0.078249,-0.021105,0.0005699,-0.082187,-0.0093879,-0.072822,-0.050133,0.24528,0.095358,0.14217,-0.073567,0.0576,-0.014896,-0.034907,-0.010966,0.0072339,-0.16486,-0.038136,-0.0096999,-0.043292,-0.13381,-0.0099398,0.0082031,0.02205,0.026288,0.023477,-0.064573,-0.22669,0.018969,-0.012985,-0.12927,0.18196,-0.22279,-0.02678,0.10611,-0.011594,-0.060862,0.10519,0.10371,0.033983,0.13745,-0.034128,0.034644,0.08826,0.038131,-0.039441,-0.023601,0.025818,-0.063094,0.13077
-0.16191,-0.043377,0.068126,0.213,0.11347,0.078897,0.023465,0.037503,-0.17475,0.048695,0.06948,0.035721,-0.21259,-0.014312,-0.056193,-0.10485,-0.10638,-0.060658,0.15482,0.12202,-0.036524,0.14349,0.21716,-0.013088,-0.057598,-0.11622,-0.012131,0.11978,-0.028409,0.13635,-0.022644,0.063145,0.038014,-0.06151,0.026018,-0.21078,-0.092849,-0.15118,0.051038,-0.17918,0.097074,0.071751,0.097979,-0.04768,-0.11422,0.063334,-0.035895,0.091029,0.023417,-0.14311,0.036994,-0.13206,-0.070024,0.043729,-0.0042435,-0.041609,0.15208,-0.11436,-0.091682,0.077065,-0.12841,-0.074471,0.0026656,-0.040592
-0.025154,0.033173,0.096147,0.042062,-0.002318,0.084556,-0.038732,-0.10871,-0.11669,-0.024375,-0.030332,0.018167,-0.0020679,-0.11465,-0.09185,-0.073453,-0.010803,-0.088303,0.14998,0.068896,0.0075955,-0.092074,0.10328,-0.18183,-0.048664,-0.13614,0.00021445,0.003145,-0.0042206,0.15295,-0.040451,-0.099652,-0.094109,0.04006,-0.1789,0.11744,-0.11827,-0.068464,0.041987,-0.19942,-0.012798,0.094378,-0.053449,-0.1323,0.078252,-0.12581,0.088896,0.014897,0.066372,0.13843,0.14064,0.17399,-0.192,-0.014179,-0.038706,-0.014546,-0.034345,0.045037,0.10064,-0.065176,-0.0024277,0.13606,0.041632,0.058169
0.021121,0.054397,0.10041,-0.064947,-0.02987,-0.012926,-0.077221,-0.022185,-0.044073,-0.14413,0.0026361,0.054952,0.27153,-0.19773,-0.13121,-0.013511,0.023465,-0.18723,-0.056931,0.17068,0.18816,0.036834,-0.060786,0.021294,-0.12637,-0.028172,-0.090333,0.0072159,0.058102,0.011856,-0.056885,-0.093209,0.1045,-0.0066733,-0.060564,-0.040446,0.051502,-0.15563,-0.075428,-0.041957,-0.058839,-0.05284,-0.20323,0.020578,0.027151,0.11754,-0.046425,0.037034,-0.12342,0.035551,-0.045447,0.0030409,-0.079425,0.032154,0.044163,0.058141,-0.033342,0.015374,0.18525,-0.050624,0.015425,-0.11103,0.093098,0.1364
-0.013917,0.086937,0.01044,-0.039768,0.071936,-0.11938,-0.022343,0.10438,-0.066329,-0.021308,0.015119,-0.0047617,0.12775,0.024644,-0.090336,-0.07208,0.029239,-0.039279,-0.14709,0.12895,-0.06219,0.15132,0.033754,0.096997,0.030211,0.058681,0.11161,-0.087263,0.026068,0.20824,0.12138,0.0041484,0.11718,-0.025526,0.035553,0.19663,0.083448,-0.093838,-0.058035,-0.043702,-0.088074,0.019971,-0.0052725,0.054709,-0.26024,-0.095292,-0.099546,-0.13196,0.10881,0.0109,0.12817,-0.1075,0.038901,0.11527,0.21273,0.026441,-0.05321,-0.018341,0.025097,-0.010051,0.085673,-0.018332,0.11794,-0.15339
0.0091183,0.12782,-0.073892,0.1338,-0.0017933,0.055754,0.20887,0.096314,0.031358,-0.0034366,-0.10116,-0.018759,-0.081794,-0.042226,-0.084821,0.036693,0.20974,0.079617,0.08099,0.10469,-0.085646,0.045757,-0.14738,-0.043908,-0.048679,-0.027192,-0.098209,-0.10834,-0.051142,0.047069,0.053463,0.13521,-0.013688,-0.20209,-0.12643,-0.076582,-0.19797,0.0073944,-0.12041,0.15372,-0.10003,0.11504,0.045887,-0.022036,0.061663,0.026507,-0.044754,0.089024,-0.15633,0.011564,0.17774,0.0252,0.03749,0.040727,-0.0056352,0.038737,0.052505,0.084797,0.13476,0.011304,-0.088052,-0.13586,0.092488,0.18937
0.088333,0.09591,-0.0064417,-0.01209,0.0018611,0.059438,0.07781,-0.017707,-0.10087,0.043942,-0.039521,0.062979,-0.049769,-0.015458,-0.043959,-0.049165,0.12819,-0.0027612,0.10933,-0.047146,-0.085681,-0.0064786,-0.13019,-0.081091,0.041763,0.011015,-0.11954,0.030667,0.069558,-0.0042079,-0.090894,-0.077512,-0.13045,-0.10855,-0.027487,0.026427,-0.10133,-0.092781,-0.081315,0.20058,-0.023758,0.020681,0.11429,0.14408,-0.061053,0.036042,0.17086,-0.11182,-0.0024226,0.020253,-0.085638,0.018304,0.14466,0.074731,-0.022709,-0.064889,-0.056485,-0.07767,-0.0078053,-0.11245,-0.17336,-0.076421,0.13507,-0.021976
0.12467,0.070847,0.0055578,-0.047086,0.035478,0.036758,0.026721,-0.013254,-0.10329,0.0096214,0.067881,0.042031,-0.013908,0.059581,-0.065601,-0.051948,0.0037665,0.0057765,-0.018122,-0.078494,-0.034833,0.020868,-0.047126,0.0038085,-0.10551,0.081433,-0.076402,0.058007,0.10917,-0.083091,-0.080162,-0.032955,-0.15462,-0.00024586,0.014245,0.052499,-0.0099406,-0.023015,-0.12021,0.056856,0.057971,-0.15735,0.057866,-0.039272,-0.02608,-0.14929,0.09435,-0.08155,0.026349,-0.069363,-0.05847,-0.080192,0.081436,0.10051,-0.17642,0.12545,-0.068999,-0.056807,-0.045335,0.043858,-0.061504,0.1045,0.019865,-0.12656
0.07829,0.069057,0.030909,0.020542,0.015745,-0.01646,0.057054,0.035174,-0.06004,-0.076599,0.13548,0.036695,-0.06004,0.1481,-0.046372,-0.076803,0.013799,0.029217,-0.10118,-0.046907,-0.016247,0.041844,-0.024345,0.029762,-0.13025,0.15044,-0.031441,-0.14084,-0.031414,-0.043298,-0.040213,0.042335,-0.16708,0.0034418,-0.026949,0.056412,0.01662,0.053603,-0.096653,-0.020979,0.11187,-0.18778,0.013507,-0.081945,0.10462,-0.021975,-0.077929,-0.15092,0.033278,-0.030374,0.1523,0.087928,0.11461,-0.095792,-0.16699,0.22078,-0.0053281,-0.041058,-0.059058,0.04516,0.047791,-0.012511,0.063767,0.10404
-0.112,0.047267,0.13013,0.12175,-0.1475,-0.22061,0.2044,-0.11213,-0.022711,-0.011981,0.13048,0.07885,-0.029996,0.1349,0.066892,-0.11396,0.16768,-0.03768,-0.011032,0.023839,-0.058651,0.034456,-0.0077947,-0.068157,0.058589,0.03143,-0.18219,-0.18262,-0.293,0.035221,0.066401,-0.019243,-0.025777,0.070959,0.15799,-0.08811,0.20808,-0.16195,0.033237,0.034937,-0.034213,-0.081501,0.061056,0.044405,0.062299,-0.048121,0.038989,0.18951,-0.12204,0.0084013,0.051708,0.051292,0.09932,-0.10266,0.10843,-0.073123,0.1443,-0.12063,0.017184,-0.027071,0.2254,-0.047425,-0.023628,-0.02117
0.058831,0.09414,0.026048,-0.031552,-0.046301,-0.01125,0.031694,-0.055043,-0.1009,0.012466,0.032123,0.027519,0.0477,-0.033839,0.009001,-0.07812,0.088495,-0.028442,0.051177,0.033423,-0.0086325,-0.018144,-0.051496,-0.1572,0.11378,-0.084412,-0.068214,-0.033825,-0.0087912,0.05952,-0.040203,-0.11694,-0.052565,0.14706,-0.059459,0.022405,-0.013611,-0.18498,0.044256,0.073278,-0.077765,0.1158,-0.088171,-0.13026,-0.089404,-0.0096449,0.19039,-0.020049,0.13365,0.040275,-0.0475,0.19475,0.097188,-0.029035,0.071087,-0.096562,0.034544,-0.030667,-0.052428,0.23264,0.0096609,-0.056533,-0.20185,-0.059849
0.08796,0.092104,-0.014812,-0.066267,0.0031684,0.019538,-0.030183,0.0011477,-0.083157,-0.045105,0.060422,-0.0033952,0.21444,-0.12244,-0.064995,-0.033478,0.0010003,-0.06184,-0.068312,0.15363,0.15424,0.051982,-0.072959,-0.0092123,-0.12326,-0.037648,-0.055158,0.022241,0.18107,-0.027637,-0.052927,0.031805,0.024885,0.081892,-0.037007,-0.10095,-0.0011887,-0.26444,-0.029551,-0.037999,0.16242,-0.069278,-0.2434,0.033135,-0.03798,-0.049759,0.0082486,0.13024,0.056293,-0.080686,-0.13179,0.074636,0.11111,0.01709,-0.19484,-0.010521,0.14563,-0.056305,-0.13581,0.036227,-0.05757,-0.036827,-0.16866,-0.033454
0.073914,0.10191,-0.052985,0.027066,0.020368,0.0088599,0.054371,0.092236,-0.0049797,-0.043427,0.021444,-0.023613,0.055608,0.022357,-0.10637,0.0051623,0.038966,0.064598,-0.069632,0.10925,-0.034953,0.064294,0.011495,-0.014461,-0.1718,-0.019599,0.024099,-0.15496,0.040188,0.08719,0.039341,0.17556,0.016016,-0.056433,-0.02663,0.019494,-0.089057,-0.12243,0.049392,-0.076799,0.060383,0.012682,-0.062993,0.048734,0.016289,-0.28185,-0.13294,-0.028921,0.028813,-0.054881,0.2057,-0.0056895,0.00076604,-0.15039,-0.04578,-0.13972,0.11496,-0.03322,-0.031971,-0.14773,-0.071981,0.1792,0.099107,-0.10842
