0.0020589
0.0022626
0.0010352
0.0019011
0.00122
0.0014368
0.0020396
0.00098212
0.0018618
0.00071315
0.0022522
0.0013178
0.0026634
0.002094
0.0021503
0.00089031
0.0034128
0.0014021
0.0036213
0.00058426
0.0024339
0.0031123
0.00060301
0.00035118
0.0021065
0.0018008
0.0020204
0.0028814
0.0018444
0.0018584
0.0012287
0.0022301
0.0023487
0.0018633
0.0017531
0.0024704
0.002111
0.0020362
0.0018253
0.00096904
0.0019832
0.0017108
0.0021139
0.0021605
0.0016856
0.0016627
0.0028935
0.0038894
0.0021005
0.0022647
0.0036181
0.0012836
0.0022199
0.0011035
0.00088064
0.0029181
0.00086978
0.0014053
0.0033776
0.0023887
0.0013254
0.0024366
0.0024931
0.0020488
0.0028503
0.00065943
0.00040349
0.0022347
0.0032563
0.0032838
0.0039409
0.0018261
0.0023712
0.0015909
0.00041618
0.001325
0.0026933
0.0023942
0.00072502
0.00087438
0.0020011
0.00063407
0.0023222
0.0027864
0.0021532
0.00074636
0.0022624
0.0021805
0.0024853
0.00053379
0.0014909
0.0029107
0.0021043
0.0020231
0.0025754
0.0029573
0.002057
0.0023055
0.0037555
0.0016728
0.0023888
0.0046632
0.0017666
0.0021259
0.0010393
0.0011738
0.00099686
4.4364e-06
0.0020827
0.0011428
0.0021445
0.0031476
0.0011915
0.0016806
0.0014595
0.0014726
0.0018551
0.0030542
0.0023105
0.0011576
0.00046175
0.0011847
0.00052819
0.0034623
0.0011316
0.0036349
0.00059029
0.0020978
0.00071234
0.0018364
0.0026632
0.0027457
0.001832
0.0028588
0.0017538
0.0021087
0.0011257
0.001275
0.0016533
0.0022636
0.0024708
0.0020362
0.0010037
0.0023116
0.0021994
0.0010424
0.0010004
0.0030912
0.0034668
0.0019019
0.0021969
0.0017362
0.0034433
0.0010394
0.0010341
0.0016365
0.0025197
0.0015855
0.0018814
0.0011826
0.00043211
0.0012336
0.0013478
0.002322
0.0028626
0.0025708
0.0021944
0.0026789
0.0014545
0.0041933
0.0013824
0.0023883
0.0028369
0.0015398
0.0029604
0.0022743
0.0013862
0.0016956
0.0015721
0.0018099
0.0010075
0.0038336
0.0036157
0.0026708
0.002756
0.0023955
0.0014919
0.0017586
0.0018501
0.0029707
0.00085769
0.0021821
0.0031001
0.0010375
0.0031299
0.0013647
0.00072766
0.0033051
0.0018487
0.0020081
0.0019627
0.0030469
0.0019984
0.0015611
0.0011607
0.001136
0.00089668
0.0016933
0.0019335
0.0029636
0.0013156
0.0020407
0.0018057
0.0008518
0.0020446
0.00099434
0.003712
0.0024708
0.0019146
0.0019136
0.0010234
0.0021247
0.0018302
0.0019151
0.00080104
0.00078826
0.0015615
0.0011446
0.0020965
0.0016343
0.0035033
0.00059108
0.0025974
0.0023643
0.001395
0.0013165
0.0010996
0.0036559
0.0010456
0.001444
0.00057874
0.0020045
0.0024224
0.0019071
0.00085388
0.001623
0.0021856
0.0021453
0.0011091
0.0025561
0.0017143
0.0016704
0.002501
0.0012224
0.002273
0.0028007
0.001351
0.0020184
0.0017803
0.0022353
0.0027195
0.00065293
0.0040317
0.0020999
0.0016229
0.0011765
0.0011849
0.0024725
0.0020639
0.0032812
0.0014798
0.00097685
0.0037091
0.0042381
0.0010041
0.001585
0.0012396
0.0031694
0.0016216
0.0020302
0.0018561
0.0028631
0.0023149
0.0025644
0.001111
0.0020087
0.0019426
0.00054688
0.00094544
0.003364
0.0013892
0.0020166
0.0015943
0.0012154
0.0014522
0.00152
0.001752
0.0014989
0.0020145
0.0010191
0.0018928
0.00074944
0.0021853
0.0016227
0.0022723
0.0014134
0.0024142
0.0020154
0.00085713
0.0021366
0.0025627
0.0028542
0.0012392
0.0030946
0.0025
0.0023205
0.0021775
0.0023275
0.0022264
0.0020261
0.0029584
0.0014571
0.00032461
0.00072243
0.0057224
0.0016189
0.0020094
0.0013279
0.0033826
0.0011586
0.001487
0.0016845
0.0016043
0.0010086
0.0040974
0.0024965
0.0024868
0.0026065
0.0015856
0.0022137
0.0015521
0.0034539
0.0035916
0.0030673
0.0016833
0.002892
0.0031045
0.0031885
0.0014333
0.0022367
0.0019146
0.0012541
0.0016922
0.00064085
0.0011068
0.0014338
0.0014683
0.0025755
0.003885
0.0017558
0.0014775
0.00096881
0.0013478
0.0026462
0.0017419
0.0026811
0.0020713
0.0023343
0.0048115
0.0017367
0.0011691
0.0014487
0.002556
0.00013486
0.0011314
0.0028854
0.0025689
0.0020369
0.0017369
0.0033083
0.0023022
0.003002
0.0010575
0.0028647
0.0024084
0.0013452
0.0013018
0.0024843
0.0033842
0.0022022
0.0019368
0.0010307
0.00092481
0.0019997
0.0012851
0.0018373
0.0013712
0.0016208
0.0017359
0.0048322
0.0027052
0.0040482
0.0010217
0.0020481
0.0015818
0.0022591
0.0017448
0.0024616
0.001812
0.00095748
0.0011408
0.0018837
0.0014411
0.0015434
0.0026395
0.0014104
0.0028844
0.0024014
0.00080215
0.0020802
0.0027027
0.0013667
0.0004656
0.0029324
0.0021166
0.002014
0.0014073
0.0017989
0.00090312
0.0026933
0.0017999
0.0014721
0.0022298
0.0013587
0.0012227
0.0039132
0.0023479
0.0017985
0.0019118
0.0025108
0.0022687
0.0033189
0.0019031
0.0018382
0.0014072
0.00045044
0.0020914
0.0033132
0.0024033
0.002335
0.0013411
0.0020058
0.0013768
0.0017105
0.0022144
0.0014636
0.00177
0.0024597
0.0030487
0.00082004
0.0014549
0.0012895
0.0025902
0.0018822
0.0011689
0.0033948
0.0021694
0.00072277
0.0012661
0.0019063
0.0014879
0.0010664
0.0014612
0.0025151
0.00073058
0.0024726
0.0015481
0.0017946
0.0025958
0.0017504
0.0007818
0.0025543
0.0018477
0.0018695
0.0019433
0.0015737
0.0022491
0.0017191
0.0010989
0.0017244
0.0018248
0.0028014
0.0022777
0.0016144
0.0032652
0.0011091
0.00082882
0.0021155
0.0022518
0.0026851
0.0015579
0.0017233
0.00090465
0.0016464
0.0017773
0.0017805
0.00185
0.0024967
0.0020053
0.00094133
0.0030575
0.0013491
