-0.023614,-0.066488,0.011225,-0.10479,-0.24829,0.010209,-0.022467,0.03699,-0.11075,0.11236,-0.13168,-0.025942,-0.01724,0.061941,-0.090871,0.15346,-0.081609,0.032596,-0.052577,0.088022,-0.015447,0.071683,-0.0064094,-0.0014606,-0.12965,0.10018,0.070569,-0.10243,0.24273,-0.08695,-0.065097,-0.031056,-0.013846,-0.17649,0.020402,0.024083,0.14018,0.066373,0.061639,-0.10557,0.12085,-0.058295,0.073449,-0.00012314,-0.079663,0.1645,-0.11763,0.1318,-0.12823,0.14415,0.071906,-0.11994,-0.0998,-0.057289,0.1339,-0.035133,-0.036368,-0.02461,0.066514,0.023246,-0.096789,-0.097482,-0.11749,0.021778
0.082513,-0.065716,0.020177,0.020652,-0.10225,0.018097,0.023863,-0.046252,-0.0054782,-0.021032,-0.058735,0.069682,0.084879,-0.010384,-0.03101,0.1076,-0.052923,0.054107,-0.015603,-0.025673,-0.033997,-0.078964,-0.065635,0.0019344,0.060754,-0.0811,0.018339,-0.17692,-0.0071934,-0.045481,-0.010392,-0.058739,0.022934,-0.14207,0.06546,0.18118,0.10316,0.14301,-0.022519,0.014654,-0.021774,0.1704,-0.10153,-0.026704,-0.13255,0.032669,0.11627,0.035473,-0.03022,0.031343,0.1927,-0.043917,0.14414,0.022404,0.14519,0.0086502,-0.047275,-0.019815,-0.17825,0.014433,-0.10379,0.036095,0.030083,0.23688
0.0995,-0.059246,-0.05209,0.074752,0.07682,-0.027654,0.016044,-0.17856,-0.15624,-0.26044,-0.025294,0.012027,0.023718,-0.17161,-0.087006,0.070856,-0.0034364,0.064853,0.00038129,0.076693,0.064033,0.0028926,0.10343,-0.022933,-0.01438,-0.045829,0.1351,0.037758,-0.013302,0.023788,0.010303,0.086146,-0.011885,0.010136,0.078283,0.14075,-0.070646,0.06315,-0.17155,-0.090292,0.075355,0.05058,-0.039958,-0.066506,0.038276,0.10287,0.00060027,0.18793,-0.018793,-0.049788,-0.005561,-0.078201,0.20401,-0.013289,-0.028385,-0.061563,0.031215,-0.031022,-0.18624,0.02802,0.075586,-0.0073196,0.020656,0.040495
0.081407,-0.090421,0.10059,0.016379,-0.021722,-0.046462,-0.02427,0.020801,-0.047813,-0.067165,0.066641,0.094099,-0.045389,0.01996,0.047327,0.038742,-0.036687,0.035714,-0.0046316,0.02568,0.10066,-0.16201,0.05265,-0.027938,-0.11676,-0.03188,0.07934,0.057073,0.041839,-0.025108,0.10144,-0.11751,0.049696,0.033233,0.0037934,-0.054054,-0.025184,0.031839,-0.18352,0.085819,0.064931,-0.059128,-0.16125,-0.020129,0.097665,0.14392,0.070718,0.088114,0.022236,-0.02959,-0.092937,-0.029776,0.074576,-0.10985,0.049803,-0.11036,-0.086497,0.12439,0.105,0.050313,-0.010983,0.054377,-0.0024469,-0.11531
-0.0067254,-0.11337,0.18045,-0.095604,-0.063055,0.022313,-0.089983,-0.061005,0.029509,0.0099138,0.16486,-0.0063469,0.0012797,-0.007225,0.17434,0.081981,-0.15308,0.053852,-0.084592,0.07103,-0.056157,-0.020134,0.099655,0.0018495,-0.094179,0.046486,0.048536,-0.15626,0.046271,-0.14375,0.2583,-0.08258,-0.050387,0.059839,-0.10871,-0.049808,-0.15256,-0.10877,-0.011481,0.079053,0.036031,0.0020238,-0.0073346,-0.013801,-0.13868,0.081078,-0.087997,0.041665,0.22997,0.095865,-0.031206,-0.016529,-0.11994,0.11231,0.11886,-0.033281,0.041854,-0.0030201,0.070133,-0.079324,0.03542,0.18278,0.11554,-0.020181
0.085673,-0.060287,0.10306,-0.014216,-0.052058,0.013475,0.013431,-0.065989,0.11508,-0.0022966,0.010825,0.060006,-0.0079355,-0.063618,0.063433,0.083917,-0.090449,0.011739,-0.0019795,-0.1281,-0.095699,0.049065,0.018739,-0.076118,-0.0066683,-0.045335,-0.031001,-0.18926,-0.040899,-0.023833,0.091916,0.072731,-0.076162,0.12218,0.045008,0.19382,-0.050788,-0.13706,0.060635,-0.028729,0.049463,-0.012955,-0.1314,-0.0022694,-0.10522,0.0097472,-0.032209,-0.12428,0.029501,-0.068813,0.21557,-0.083593,-0.16115,0.060632,-0.062074,-0.076542,0.15214,0.12586,-0.15399,-0.006959,0.084028,-0.039264,0.057703,-0.14293
0.11356,-0.041506,0.066747,0.035191,-0.028829,-0.041619,0.069775,0.0048972,0.068501,-0.060629,-0.054959,0.079339,-0.094441,-0.051513,-0.040226,0.046597,-0.023945,-0.041021,0.079391,-0.11901,0.019299,0.10197,-0.0026122,-0.15837,-0.069294,-0.033232,0.022542,-0.011607,-0.051724,0.15521,0.017029,-0.034389,-0.082376,0.05434,0.054189,0.12531,0.043284,-0.14447,0.027856,-0.07248,0.10645,0.09423,-0.13284,-0.0083745,0.10629,-0.084114,-0.14822,-0.029924,0.0075977,0.032862,-0.10285,-0.093365,0.037755,0.17664,-0.10373,-0.06329,0.034784,0.12035,-0.097018,0.073345,-0.074036,-0.037288,0.10016,0.018118
0.086045,-0.057884,0.063024,-0.024775,-0.10141,-0.068536,0.038603,0.088057,-0.01719,-0.026955,-0.048668,0.061042,-0.10962,-0.009743,-0.03907,0.063346,0.0048293,-0.048126,0.049281,-0.018512,0.087329,-0.01868,-0.011637,-0.14467,-0.13106,0.067309,0.056358,0.065472,0.0081775,0.0073769,-0.047395,0.020524,-0.09215,-0.09196,-0.046181,-0.025419,0.14117,-0.10755,0.014718,0.015273,0.1434,0.083598,-0.063901,-0.014582,0.12626,0.14619,-0.053371,-0.051125,-0.029257,-0.11948,-0.13401,0.087681,-0.090758,0.087099,0.034876,-0.11326,-0.03445,-0.11424,0.0029244,-0.051437,-0.10345,-0.054849,0.0012057,0.13151
-0.10618,0.0081013,0.057132,-0.19689,-0.13443,-0.066767,0.1357,0.04358,0.0091805,0.014679,0.017471,0.12227,0.022998,-0.053518,0.05307,-0.058523,-0.13631,0.10096,0.16446,0.1987,0.0084589,0.14304,-0.13776,0.10308,0.036309,-0.061161,0.064761,0.082097,0.068941,-0.18785,0.057705,-0.06263,0.045182,-0.059633,0.14133,0.11761,-0.19187,-0.005322,-0.087049,-0.051059,-0.11806,0.0477,0.12463,0.021423,0.087272,-0.027436,0.076586,0.14572,0.031207,-0.012727,-0.075221,-0.16245,-0.069992,-0.16353,-0.0032604,-0.024258,-0.018817,0.050025,-0.051521,-0.15405,0.10189,-0.024368,0.10584,-0.10124
0.024573,-0.019903,-0.034552,-0.062776,-0.10426,0.056137,0.091685,-0.069034,0.024208,-0.032255,-0.044762,0.061584,0.064253,-0.042942,0.065626,-0.039227,-0.013208,0.14303,0.01459,-0.017766,-0.14376,-0.10857,-0.18169,-0.030113,0.095787,-0.19412,0.045978,-0.062943,-0.086291,-0.090767,0.02807,-0.13042,-0.019654,-0.095734,0.054003,0.055357,0.0080181,0.10653,-0.0032838,0.11503,-0.023336,0.034624,-0.087236,0.16086,0.040838,-0.15881,0.11791,0.032096,0.17211,0.02215,0.011924,0.14178,0.090493,-0.035054,0.1722,-0.10669,-0.069585,0.072739,-0.032685,0.090312,-0.008026,0.13473,-0.11533,-0.014052
0.065202,-0.032017,-0.14979,0.053203,0.041727,-0.021466,0.039128,-0.24761,-0.174,-0.24526,-0.057302,-0.08533,0.0049069,-0.18342,-0.036238,0.05149,-0.0072944,0.1455,-0.09523,0.048354,0.034825,-0.0084205,0.0047066,-0.012797,0.0076322,-0.023361,0.12424,0.006309,-0.0082365,-0.0074545,-0.010333,0.030585,-0.084337,0.037897,0.012365,0.084715,-0.043724,0.1178,-0.039172,0.04606,0.1013,-0.048316,0.07713,-0.081612,-0.018883,-0.038752,0.047309,0.094555,0.090109,0.041709,-0.0056013,0.13109,0.035044,0.06531,-0.038651,0.047675,-0.0090932,-0.033604,-0.089236,-0.044481,0.025641,0.0097268,-0.13664,-0.080983
0.026708,-0.070682,0.036031,0.088839,-0.022844,-0.078337,0.077247,-0.017304,-0.087298,-0.013646,0.02715,0.10299,0.00086844,0.040213,0.036063,0.12764,-0.011335,0.13014,-0.038255,0.0075602,0.18265,-0.17002,0.022636,0.017214,0.015801,0.056448,-0.067955,0.08101,0.061918,-0.05782,0.0052974,-0.17417,-0.022232,0.073725,-0.063851,0.083306,0.088492,0.14034,-0.01161,0.069636,-0.058513,-0.12109,-0.095518,-0.23025,0.043192,0.0082342,0.12516,0.021549,0.0037767,-0.062245,-0.003611,0.0068152,-0.071966,0.060804,-0.063939,0.14288,-0.19444,0.12293,0.055289,0.062678,-0.073219,-0.087371,-0.0057494,-0.1659
-0.1005,-0.11501,0.18073,0.043448,0.0039989,0.079972,0.10156,-0.033404,-0.067521,0.06855,0.10242,0.1255,0.076039,0.10275,-0.031345,0.17257,0.092372,0.16474,0.034397,0.099446,-0.03707,0.093284,0.16594,-0.08503,0.08344,0.081212,-0.16235,0.083857,0.0093392,-0.17757,0.014965,-0.054565,-0.13999,0.0017661,-0.096374,0.067453,0.075369,-0.083256,0.14331,-0.19374,-0.090142,-0.0027799,0.089773,-0.016449,0.1335,-0.11017,-0.047638,-0.021144,0.012878,-0.071058,-0.095416,0.026983,-0.046797,0.063051,0.19205,-0.012989,-0.030428,0.027951,-0.025493,-0.10364,0.043282,-0.16331,-0.04002,0.12783
0.034192,-0.048464,0.091794,-0.00095505,-0.02778,0.10885,0.10277,-0.072164,0.088155,0.046375,0.018361,0.013548,-0.056464,-0.0086371,-0.01113,0.087923,0.10868,0.092543,0.001677,-0.19561,-0.17738,0.11226,0.014782,-0.10987,0.0066905,-0.050978,-0.059702,0.0048375,0.03009,-0.050095,-0.08047,0.12106,-0.08025,0.10607,0.094583,0.11807,0.093696,-0.029812,0.070548,-0.02852,0.06738,-0.092067,0.044753,0.19184,0.077754,-0.019464,0.068193,0.035722,-0.027743,-0.069356,0.070887,0.084218,-0.13692,-0.19741,-0.093115,-0.1115,0.012804,-0.015795,-0.086342,-0.044489,-0.10739,0.020791,-0.10888,0.0029052
0.086051,-0.021926,0.027938,0.028486,-0.035774,-0.030847,0.10323,-0.045831,0.090564,0.00056367,-0.04921,-0.042453,-0.18955,-0.042195,-0.011131,0.025034,-0.034589,0.037642,-0.023464,-0.23749,0.01386,0.1745,-0.031115,-0.088802,-0.1002,-0.0045746,0.022454,0.040792,-0.024911,0.16195,0.037512,-0.065995,-0.08366,0.095696,0.097723,0.059214,0.034842,0.00020415,0.10162,0.063294,0.14133,-0.011023,0.088909,-0.0356,0.068349,-0.13976,-0.048123,-0.024176,0.044089,0.16742,-0.095914,-0.061231,0.034473,0.017026,-0.078512,0.08373,-0.077112,0.057886,-0.021744,0.029474,-0.098991,0.012006,-0.14661,-0.077735
0.035323,-0.017271,0.067501,-0.036087,-0.053436,-0.14732,0.12241,0.046866,0.037423,-0.0052736,-0.0071594,0.046871,-0.12887,-0.036481,-0.013124,-0.0020423,-0.14575,0.020479,0.052882,-0.069698,0.17544,0.057682,-0.10953,-0.013471,-0.083047,0.090242,0.035414,0.10705,-0.057317,-0.049453,0.065038,0.046309,-0.028783,-0.048423,0.10467,0.028851,-0.030516,-0.046254,0.078213,0.14959,0.010334,0.066546,0.081917,-0.22063,0.11705,0.10268,-0.096753,-0.10384,-0.057499,-0.10101,-0.0023268,0.058858,-0.0089134,-0.038714,0.072872,0.17336,-0.080584,-0.01984,-0.029708,-0.11043,0.060885,0.17196,-0.063809,0.040846
-0.10083,0.11396,0.18454,-0.034946,0.0077906,-0.074042,0.087364,-0.03787,0.075678,-0.042605,-0.092158,0.14609,0.086956,0.094515,-0.046321,-0.16776,-0.087897,0.054079,-0.17913,0.084969,0.016699,0.086799,0.16016,0.081389,0.015007,-0.20653,-0.014088,0.080472,-0.049386,-0.1466,-0.087153,-0.043553,-0.092262,0.089551,-0.099856,-0.06012,-0.0054512,0.12791,-0.1245,-0.16178,0.17456,0.00050892,0.0069731,0.027059,-0.16169,-0.047002,0.090022,0.011733,-0.048734,-0.062511,-0.065109,0.031757,0.001568,0.12071,-0.17094,0.011259,-0.048306,0.0058187,0.008434,-0.11771,0.032817,-0.12989,-0.13172,0.071343
0.027578,0.071431,0.028708,-0.087823,-0.028286,0.07273,0.078891,-0.022377,-0.010963,-0.080096,-0.017804,0.1126,-0.00014779,0.039842,0.016473,-0.12946,0.021583,0.086931,-0.084201,-0.015618,-0.19491,-0.17368,0.018133,-0.0099813,-0.022404,-0.077709,0.0060494,0.082986,-0.087892,-0.029756,-0.024176,-0.17148,-0.060418,-0.017723,-0.057267,-0.093999,0.1583,-0.022185,0.042046,0.076307,-0.013951,-0.17557,-0.1047,0.20589,-0.041634,-0.048502,-0.12483,-0.02577,-0.0083132,-0.051163,0.006926,0.046326,0.020444,0.069936,0.10031,0.13977,-0.22157,-0.018215,0.0038027,0.087991,0.010016,-0.093248,0.044836,-0.14607
0.064352,0.033881,-0.1488,-0.060255,0.043416,0.005604,0.040417,-0.24948,-0.21639,-0.21247,0.030396,-0.086639,0.007805,-0.18279,-0.046742,-0.049389,0.018019,0.15166,-0.06039,0.048725,-0.050553,-0.012323,0.0061809,0.027255,0.047927,0.10713,0.048711,0.0062953,0.0072511,-0.012179,0.010811,0.03092,-0.09463,0.02852,0.0035245,-0.089904,0.054743,-0.11395,0.022846,0.015739,-0.064342,-0.062575,0.11372,0.068557,0.010557,-0.046348,-0.014233,-0.10455,-0.066225,0.057225,-0.014334,0.07549,-0.13632,0.021858,0.049069,0.068829,0.032266,0.027112,0.075748,-0.068606,0.0030866,-0.058464,0.13339,0.020515
0.021685,0.023097,-0.029385,0.069327,-0.10104,-0.069295,0.086368,-0.068401,-0.040352,0.022104,0.056805,0.05189,0.068702,-0.046688,0.071486,0.028435,0.034293,0.063635,-0.13005,-0.0043646,0.13485,-0.10502,-0.1756,-0.0066337,0.1712,0.087533,-0.10389,-0.068527,0.074975,-0.090291,-0.065611,-0.12802,0.046081,0.095325,0.044014,-0.066248,0.076125,-0.066285,0.0072537,0.10616,-0.035852,0.083402,-0.1043,-0.12334,-0.052952,-0.20228,0.0022684,-0.041968,-0.15519,0.077994,0.02291,0.049823,-0.15611,-0.052616,-0.19016,-0.071923,-0.098214,-0.024461,0.072938,0.064976,-0.053183,0.048235,0.15076,0.073333
-0.10815,-0.0040183,0.04886,0.20182,-0.14228,0.0556,0.1378,0.043208,0.0041239,0.016484,-0.0075154,0.11364,0.0096802,-0.059515,0.063732,0.04257,0.13119,-0.10209,-0.18714,0.18462,-0.0247,0.14713,-0.13462,-0.10751,0.046712,0.080405,0.014038,0.072006,-0.097471,-0.14034,-0.12568,-0.052269,0.065194,0.021265,0.14257,-0.12264,-0.13696,-0.16123,0.039397,0.0014657,0.1686,0.064043,0.052996,-0.0033064,-0.090939,-0.045903,-0.048155,-0.14265,-0.05627,0.0014149,-0.0042509,-0.064696,0.22096,-0.074275,-0.0078987,-0.016758,-0.026061,-0.034223,0.025451,-0.2002,0.02208,0.025463,-0.010697,-0.13538
0.037008,0.023106,0.060235,0.032945,-0.060486,0.13628,0.13287,0.044749,-0.01818,0.037688,0.013258,0.038677,-0.14436,-0.033896,-0.019946,0.00029358,0.13864,-0.05599,-0.026934,-0.084092,-0.16504,0.060103,-0.10893,0.048135,-0.091806,0.032364,0.071926,0.113,0.04981,-0.016905,-0.074659,0.051973,0.011239,0.049738,0.10325,-0.045171,-0.036349,0.01226,-0.10857,0.13159,-0.036265,0.014019,0.082077,0.21416,-0.11012,0.15378,0.0045049,0.13204,0.022172,-0.10943,-0.011533,0.052043,-0.010767,-0.0213,-0.067207,0.18917,-0.059966,0.05482,0.021027,-0.13012,0.0079232,0.13005,0.076873,0.074362
0.085071,0.025924,0.029272,-0.031097,-0.033346,0.01835,0.10602,-0.044888,-0.011154,0.085582,0.05379,-0.053308,-0.18857,-0.041794,-0.019214,-0.033116,0.032562,0.04033,0.0045417,-0.22987,0.006213,0.1676,-0.030245,0.12975,-0.056404,0.068128,-0.029927,0.037847,0.035246,0.15949,0.048228,-0.072432,-0.11171,-0.0037549,0.085927,-0.075385,0.037682,0.028973,-0.11416,0.011713,-0.088385,-0.0098696,0.12649,0.034289,-0.07208,-0.080252,0.13333,0.00065909,-0.010597,0.18258,-0.08725,-0.055564,0.019371,0.0045204,0.094813,0.1068,-0.087968,-0.02264,0.041459,0.069257,0.060946,-0.066139,0.15272,0.023096
0.029744,0.052992,0.10271,0.0036422,-0.018395,-0.11466,0.090809,-0.07245,0.035615,0.09825,-0.0062923,0.0099614,-0.037853,-0.014332,-0.019414,-0.091989,-0.096564,0.066519,-0.07502,-0.18267,0.1911,0.10185,0.012912,0.11779,0.034229,-0.033089,-0.087848,-0.0050099,-0.023068,-0.07483,0.055615,0.11467,-0.12076,-0.041759,0.077502,-0.13377,0.03681,0.093651,-0.06306,-0.054197,-0.028128,-0.023527,0.046313,-0.20724,-0.10413,-0.076976,-0.035374,-0.036995,0.022669,-0.06356,0.12575,0.17048,0.097941,-0.14424,0.050376,-0.080097,0.036337,0.013122,0.089635,0.0031073,0.11627,-0.03049,0.07514,0.081255
-0.0098457,0.11329,0.18038,0.099703,-0.063721,-0.010743,-0.097936,-0.065244,0.017471,0.038432,-0.15641,0.0022281,-0.0057906,0.0038766,0.1549,-0.10351,0.16576,0.10158,0.0083458,0.089783,0.035721,-0.015067,0.099236,0.018404,-0.098624,0.042464,0.055442,-0.14824,-0.06206,-0.0095686,-0.2874,-0.097816,-0.086716,-0.00076933,-0.093597,0.062646,-0.16969,-0.039564,-0.031147,0.069222,-0.067583,-0.013108,0.028192,0.012873,0.15551,0.11126,0.02855,-0.043485,-0.17635,0.15535,0.027894,0.048095,0.031447,0.17798,-0.10262,-0.047177,0.0063085,-0.016624,-0.077617,-0.07004,0.012912,0.20666,0.019716,-0.047769
0.080678,0.091787,0.097071,-0.018021,-0.022648,0.050003,-0.022189,0.016279,-0.065684,-0.045578,-0.063716,0.10017,-0.046347,0.020458,0.038958,-0.042624,0.040829,0.0089908,-0.020778,0.019853,-0.10656,-0.16497,0.049395,0.046211,-0.066135,0.11877,-0.0068373,0.057849,-0.05061,0.026008,-0.093031,-0.12423,0.012993,-0.032948,0.022676,0.047536,-0.022446,-0.051874,0.18849,0.074189,-0.15444,-0.056488,-0.10241,-0.003895,-0.10865,0.076737,-0.14527,-0.088236,-0.054939,-0.0074994,-0.082233,-0.053286,0.042716,-0.11141,-0.070097,-0.11121,-0.14657,-0.06292,-0.062176,0.077842,-0.011311,0.004973,0.11208,-0.052514
0.098234,0.061004,-0.050258,-0.076816,0.077969,0.021931,0.016843,-0.18336,-0.23626,-0.18853,-0.0039397,0.010839,0.028108,-0.17484,-0.095842,-0.058837,0.010983,0.021361,-0.049849,0.069919,-0.067215,-0.0043345,0.10369,0.032895,0.038697,0.13086,0.036695,0.031436,0.022418,0.020651,0.0043327,0.087989,-0.022793,-0.00058065,0.073102,-0.13932,-0.037377,-0.11173,0.17048,-0.10238,-0.065592,0.041769,0.0024837,0.059491,-0.035342,0.10298,-0.067012,-0.17083,-0.020907,-0.068389,-0.048014,-0.18394,-0.062493,-0.089601,0.015142,-0.055282,0.099836,0.0049127,0.17483,-0.037481,-0.062203,0.014853,-0.040953,0.041495
0.080034,0.069488,0.021838,-0.014807,-0.10352,-0.023798,0.016668,-0.048588,-0.026926,-0.0065969,0.067556,0.062943,0.087854,-0.0065557,-0.050002,-0.10078,0.071997,0.0367,-0.03055,-0.019143,0.035187,-0.076122,-0.061901,-0.030228,0.080923,0.019405,-0.030835,-0.19111,0.0096382,-0.049693,-0.011753,-0.041003,0.1133,0.090959,0.058338,-0.18571,0.16168,-0.008588,0.065501,-0.00034487,-0.03457,0.14697,-0.089521,0.074993,0.16533,-0.039102,-0.10939,-0.011163,0.071214,0.0041269,0.12201,-0.14666,-0.13113,-0.035222,-0.14296,0.021827,-0.0020861,0.006987,0.1808,0.04643,0.091799,0.077295,-0.12876,0.17795
-0.02432,0.073182,0.0085264,0.10112,-0.24729,-0.020651,-0.031964,0.040119,0.11372,-0.10249,0.13373,-0.020589,-0.020117,0.06763,-0.12258,-0.14095,0.069263,0.05076,0.00016898,0.094716,3.32e-05,0.069239,-0.0067464,0.036056,-0.13987,0.049362,0.089351,-0.11325,-0.24685,-0.0836,0.028941,0.011156,0.11502,0.13401,0.019642,-0.030187,0.15361,0.072372,-0.026107,-0.13573,-0.05568,-0.051431,0.11664,-0.031328,0.081836,0.18945,0.0085841,-0.13235,0.18042,0.08074,0.080321,-0.042629,0.15114,0.017108,-0.1296,-0.019368,-0.041774,0.044666,-0.033075,0.077364,0.052551,-0.13095,0.0015157,0.067858
0.087133,0.06336,0.062164,0.022975,-0.10179,0.060658,0.040573,0.087174,-0.035487,-0.017616,0.048605,0.054574,-0.10921,-0.012758,-0.053289,-0.057552,-0.014764,-0.08344,0.027561,-0.022334,-0.075008,-0.025693,-0.017448,0.17248,-0.099053,0.049832,0.046824,0.058381,-0.013308,-0.011524,0.057048,0.040662,0.0081574,0.12131,-0.048165,0.028656,-0.0090835,0.19108,0.010967,-0.027334,-0.16625,0.078647,0.0078603,0.017889,-0.13869,0.12966,-0.045898,0.056934,-0.029107,-0.099046,-0.10285,0.1201,0.0044748,0.11995,-0.030153,-0.1221,0.025274,0.13543,-0.0012394,0.046717,0.11757,-0.033585,-0.092394,0.11485
0.11245,0.046188,0.068697,-0.032872,-0.026209,0.035225,0.07172,0.0050718,-0.0771,0.065127,0.056607,0.063072,-0.092199,-0.056538,-0.047695,-0.043219,0.019738,-0.097254,0.0069711,-0.11506,0.0047888,0.090989,-0.003773,0.17185,-0.012958,0.048731,-0.036671,-0.021251,0.067652,0.13624,0.061046,-0.03475,-0.075627,0.014536,0.041699,-0.11844,-0.098778,0.13169,-0.016603,-0.11484,-0.12186,0.09174,-0.084082,0.036653,-0.092238,0.015105,0.17154,0.023515,-0.018259,0.03748,-0.1173,-0.09947,-0.0085209,0.14558,0.13153,-0.073013,0.0053828,-0.12346,0.099456,0.099327,0.027149,0.011963,-0.088386,-0.043675
0.080938,0.063997,0.10886,0.020521,-0.04943,-0.01305,0.0081559,-0.067073,-0.020822,0.12039,-0.00062573,0.044607,-0.0056042,-0.060772,0.049255,-0.094029,0.10849,0.012543,0.0088509,-0.10785,0.1099,0.047658,0.020967,0.071318,0.012879,-0.01584,-0.047231,-0.19247,0.059865,0.020138,-0.096337,0.055201,-0.13209,-0.052472,0.031322,-0.1821,-0.13422,0.052999,-0.074455,-0.069418,-0.096809,-0.023015,-0.097584,0.0089635,0.13153,0.0021556,0.023715,0.13305,0.010298,-0.069786,0.21832,0.019352,0.075175,0.10721,0.075354,-0.09024,0.095351,-0.21024,0.12426,-0.077772,-0.057715,-0.041403,0.024969,-0.15198
-0.10007,-0.10936,-0.072623,-0.12568,-0.26282,0.025757,-0.084093,-0.035278,-0.15201,0.12984,-0.20322,-0.078265,0.01477,0.096256,-0.10161,0.14154,-0.085157,0.025956,-0.083512,0.052183,-0.015705,0.022723,-0.012468,0.02935,-0.08673,0.023067,0.043803,-0.10319,0.1678,0.089135,-0.049128,0.059176,-0.0088594,-0.12523,-0.0048416,-0.058437,0.11425,0.076884,0.041984,-0.069189,0.072672,-0.077916,0.0070829,0.026709,-0.081339,-0.0052998,-0.027734,-0.039289,-0.022658,0.091289,-0.012386,0.03419,0.043382,-0.030143,-0.14669,0.027465,0.078069,0.05749,0.032538,0.090348,0.044042,0.0026079,-0.015189,-0.15239
0.042183,-0.099474,-0.032706,0.021809,-0.060533,0.019928,-0.0042414,-0.14278,0.044949,0.019032,-0.10043,0.09716,0.084848,0.062189,-0.033729,0.046186,-0.14122,-0.017672,0.10616,-0.044807,-0.096334,-0.1055,-0.15556,0.073003,0.041715,-0.13333,-0.02028,-0.17805,-0.13421,0.08984,-0.059909,0.0078615,0.034381,-0.21645,-0.0070943,0.082757,0.063925,0.029386,0.0021582,0.0012853,-0.063931,0.17876,0.083081,-0.017078,-0.11705,0.033751,0.017653,-0.16167,-0.06953,-0.050505,-0.091164,-0.0018919,0.10295,0.088605,0.029268,0.17283,0.10938,-0.065517,0.099231,-0.18585,-0.079309,-0.033369,0.096769,0.091997
0.087698,-0.083812,-0.054401,0.09068,0.11261,-0.063878,-0.02697,-0.12214,-0.00095638,-0.11851,-0.042819,0.09636,-0.082868,0.14576,0.01915,-0.014468,-0.084263,-0.13193,0.16721,0.12448,-0.001457,0.14259,-0.046755,-0.0070045,-0.15411,-0.20316,0.004856,-0.053633,-0.036632,-0.057291,-0.1211,0.058986,0.12419,-0.10192,0.049238,0.016933,0.0051516,-0.037498,-0.046272,-0.078488,-0.054704,0.10075,-0.0859,0.06075,-0.0075911,-0.11224,-0.19827,0.036528,-0.099257,-0.0090789,0.035937,-0.025277,-0.076982,-0.00070896,0.021055,0.024208,-0.16507,-0.16666,0.088241,0.13913,0.11639,-0.017674,0.15742,0.036361
0.038894,-0.12975,0.081275,0.011417,0.023031,-0.094094,-0.085766,0.034291,-0.020282,-0.07175,0.06535,0.040305,-0.15266,0.089997,0.074508,-0.073007,-0.051161,-0.027668,-0.017102,0.028501,0.063701,-0.14823,-0.032917,-0.071514,-0.12397,-0.14178,0.13868,0.055529,0.076896,0.067201,-0.0011076,-0.0047434,0.12004,-0.021999,0.12516,-0.16186,-0.055405,-0.045475,-0.089318,-0.05141,0.083335,-0.014422,-0.097619,0.13443,0.094088,-0.051837,0.047788,-0.063618,-0.17115,0.054548,-0.030378,0.023514,0.024756,-0.21254,0.063598,-0.064426,0.1312,0.064419,0.046175,-0.018993,0.0035184,-0.13095,-0.034827,0.076671
-0.07555,-0.16331,0.18332,-0.12869,-0.02189,0.03595,-0.14555,-0.11399,0.054256,-0.0058193,0.2087,-0.11539,-0.023215,-0.027903,0.18943,0.057387,-0.14755,0.0041183,-0.12561,0.044959,-0.048592,-0.0028472,0.067823,-0.0053401,-0.052617,0.046376,0.066584,-0.085912,0.025147,0.036215,0.17598,0.036467,0.024275,0.024198,-0.054278,-0.13171,-0.10062,-0.044654,0.017301,0.1093,0.03865,0.055571,0.042597,0.047217,-0.039036,-0.012199,-0.025713,-0.0031739,0.001892,0.085957,-0.037114,0.13854,0.098859,-0.0024314,-0.093432,0.066598,0.0010404,-0.13343,-0.017125,0.061697,-0.088732,0.0065232,-0.053523,0.12543
0.04341,-0.09869,0.10233,-0.01436,-0.0071022,0.042753,0.041572,-0.10583,0.18878,-0.01111,0.030246,-0.054509,0.022628,-0.1131,0.0043971,0.16504,-0.049926,-0.059454,0.047319,-0.056883,-0.15495,-0.010874,0.13228,-0.014815,0.088621,0.027177,-0.075497,-0.15981,-0.02405,-0.02204,-0.00081984,0.13457,0.14178,0.14316,-0.052716,0.083696,-0.07391,-0.055799,-0.048888,-0.020456,-0.071021,-0.14615,-0.054017,-0.050903,-0.10581,0.086781,0.099419,-0.069052,-0.17263,-0.11405,0.075225,-0.044739,0.0066625,-0.09373,-0.029504,0.1226,-0.038907,-0.0059007,0.10531,0.076662,0.15307,-0.11985,-0.041976,-0.11401
0.085538,-0.069173,0.035491,0.05713,0.006341,-0.049323,0.095813,0.037217,0.109,-0.094961,-0.07809,-0.036364,-0.059458,-0.041372,-0.084768,0.11649,0.066176,-0.11012,0.10734,0.067812,-0.039833,0.0070592,0.1535,-0.16566,0.093444,-0.011536,-0.049332,-0.07863,0.0029486,0.099927,-0.016409,-0.11836,0.079256,0.10466,-0.15441,-0.034483,-0.064354,-0.044077,-0.12062,-0.18299,-0.12239,0.010892,-0.049948,-0.010987,-0.091168,-0.10304,-0.042424,0.15124,0.040458,0.014786,-0.03355,-0.02031,0.10429,-0.016444,-0.015393,0.070237,0.019565,0.13272,0.21575,-0.0095786,0.022256,0.068796,0.1607,0.059349
0.040245,-0.097069,0.011776,-0.016005,-0.10842,-0.090074,0.020113,0.11518,-0.04767,-0.056301,-0.10287,-0.035086,-0.10714,0.036008,-0.047377,0.099242,0.12237,-0.078767,-0.012227,0.057274,0.063879,-0.10458,0.10401,-0.19179,-0.024705,-0.016625,0.0051871,0.037468,-0.0099876,-0.0050272,-0.0253,0.097294,-0.12397,-0.040567,-0.17988,-0.1558,0.084125,-0.039779,-0.083081,-0.054827,0.016429,0.13267,-0.069214,0.059016,-0.057181,-0.00041436,0.15894,-0.014975,0.171,-0.10801,-0.08267,0.16145,-0.076278,-0.057885,-0.019568,-0.087758,0.054443,-0.11497,-0.0016499,-0.0031864,0.080554,0.0091404,0.15103,-0.0064254
-0.2155,0.00015325,-0.042488,-0.26948,-0.090702,-0.059993,0.12467,0.011883,0.018463,-0.032128,0.014926,0.095634,0.016348,-0.086489,0.12998,-0.064448,-0.045408,0.084341,0.2187,0.1608,-0.012333,0.089768,-0.11602,-6.9133e-05,0.050144,-0.017932,0.034156,0.060476,0.12161,0.14597,0.02616,0.060582,0.039051,0.023348,0.020917,0.034157,-0.079674,-0.068982,-0.019585,-0.046861,-0.10093,-0.089415,-0.033543,0.046981,0.12823,-0.029338,0.048334,0.020168,-0.039852,-0.012411,-0.014772,-0.051496,-0.045131,0.04004,-0.17196,0.010163,0.076119,-0.049594,-0.018427,0.21069,-0.075342,-0.076767,0.07386,-0.031333
-0.040018,-0.030732,-0.12057,-0.076586,-0.011652,0.10764,0.071077,-0.16553,0.15875,0.0052599,-0.076339,0.095218,0.022406,0.035667,0.13644,-0.12358,-0.0074323,0.034826,0.083409,-0.091951,-0.13023,-0.12173,-0.12415,-0.084801,0.033414,-0.15937,-0.03993,0.081082,-0.072002,0.073654,0.11709,-0.031509,-0.038906,-0.067754,-0.1043,-0.12839,-0.075349,0.024616,0.12013,-0.054052,0.027875,-0.029542,-0.0093183,-0.066176,0.14033,0.10523,-0.030734,-0.045158,0.02343,0.063587,-0.14792,0.099116,0.056977,-0.041609,0.053109,-0.083544,0.18049,0.036321,0.11058,0.019441,0.03553,0.0042062,-0.12153,0.04562
0.043178,-0.047509,-0.18532,0.068,0.1047,-0.043969,-0.010877,-0.23032,0.038798,-0.024672,-0.067546,-0.015036,-0.13066,0.20408,0.13193,-0.0084647,-0.091794,-0.057928,0.044174,0.038509,-0.0084312,0.16381,-0.033594,0.017455,-0.18318,-0.13695,-0.066073,0.033804,-0.062148,-0.1268,-0.059587,0.011536,0.029934,0.037313,-0.13367,-0.01022,-0.061833,0.10091,0.12468,0.04803,0.017491,-0.051179,0.050446,-0.0095399,0.013261,-0.036252,-0.093375,0.0036775,0.10601,0.011675,0.040812,0.009627,-0.11557,-0.025978,-0.043435,-0.076898,-0.071989,-0.13908,0.10833,-0.017036,0.089778,0.020413,-0.10554,-0.021795
-0.038728,-0.10553,-0.018798,0.094304,0.075208,-0.15372,0.029439,-0.035732,-0.089124,0.069058,0.046489,0.068363,-0.1219,0.18685,0.065675,0.062928,-0.080244,0.14596,0.05473,-0.05528,0.11382,-0.1829,0.05618,0.10437,-0.10368,-0.033893,-0.0071638,0.065255,-0.035762,0.10053,-0.033005,-0.02762,0.10255,0.10144,-0.0063531,0.047211,0.0059792,0.11356,0.021631,-0.0033956,-0.024959,-0.14862,0.063268,0.094188,0.023799,0.016781,0.074882,-0.10793,0.060513,-0.10714,0.087306,-0.23943,-0.0034299,-0.036859,-0.078587,0.11612,0.19977,0.00029205,0.082382,-0.087605,-0.038978,0.036726,-0.014996,-0.083492
-0.20246,-0.1604,0.14727,0.065169,0.099359,0.10232,0.094559,-0.051266,-0.14079,0.070346,0.11183,0.05882,0.049938,0.14439,-0.09414,0.11051,0.11528,0.18094,0.092126,0.054428,0.015927,0.069974,0.11592,-0.0071,0.055059,0.030868,-0.067605,0.097338,-0.040083,0.11115,0.0846,0.079747,-0.0041781,-0.12093,-0.018255,-0.034638,0.059042,0.043251,0.045766,-0.0037307,-0.095904,0.066677,0.059111,0.040577,0.12044,-0.044353,-0.031795,-0.014227,0.023506,-0.0062353,-0.012415,0.018027,0.15974,0.076976,0.024452,0.067233,0.10054,0.011176,-0.021546,0.17338,0.043921,0.14632,0.036501,0.080827
-0.032358,-0.074814,0.044185,0.038865,0.035051,0.18926,0.17519,-0.066735,0.11001,0.039676,-0.018326,-0.15135,-0.00096106,-0.009877,-0.13708,0.10231,0.174,0.025372,0.030892,-0.047533,-0.10304,-0.0093017,0.007432,-0.0039993,0.071866,-0.094667,0.03259,0.10124,0.14649,-0.10746,-0.099422,0.1238,0.17447,-0.039759,-0.013546,-0.011034,-0.0027718,0.11675,-0.017481,0.046421,-0.0077038,-0.039904,-0.060584,-0.058891,0.099429,0.15161,0.091312,0.020177,0.00075052,0.037777,-0.037415,0.07931,-0.068912,-0.1611,-0.073251,-0.10932,0.018555,-0.12877,0.052464,0.050423,-0.059018,0.11787,0.054369,-0.046379
0.043495,-0.038649,-0.046111,0.044619,0.0036888,-0.037858,0.15731,0.0065986,0.13809,-0.0092894,-0.080381,-0.26598,-0.12526,-0.0255,-0.07541,0.080738,0.010353,-0.019854,-0.020851,0.052745,-0.026355,0.011705,0.043461,-0.096503,0.085793,0.024285,0.02437,0.0112,0.014552,0.01561,-0.062465,-0.26659,0.20465,0.038628,-0.1463,-0.03518,-0.10254,0.13411,0.11504,-0.0065685,-0.0055143,0.012871,0.066818,-0.020255,0.016331,-0.087698,0.033016,0.10555,0.047086,0.10138,0.013364,-0.062654,0.060286,0.046205,0.020517,-0.085106,0.033915,-0.027573,0.14761,-0.096161,-0.056405,-0.04891,-0.079227,0.00043642
-0.035626,-0.036792,-0.017872,-0.075692,-0.041455,-0.22016,0.15648,0.10286,0.025872,-0.042555,-0.0069216,-0.11332,-0.1289,-0.04663,0.011649,0.062458,-0.056026,-0.0047508,0.088891,0.093918,0.075405,-0.086318,-0.092648,-0.12101,0.014812,0.1948,0.021766,0.0090398,-0.12535,-0.026337,-0.10476,0.087579,0.016591,-0.037492,-0.12863,-0.013807,-0.05634,-0.0047441,0.12075,0.14049,-0.057973,-0.0021707,0.039983,0.047875,0.027279,0.0049107,0.080326,-0.0032527,-0.062069,-0.15763,0.16005,0.063519,0.0013235,0.14597,0.097371,0.13136,0.066942,-0.13238,0.0090239,0.063803,0.058301,0.015546,-0.14789,0.028412
-0.20372,0.15392,0.1491,-0.06337,0.10377,-0.091215,0.081526,-0.05441,0.096176,-0.12036,-0.10898,0.092527,0.058167,0.13482,-0.098711,-0.095118,-0.11515,0.013109,-0.22025,0.031042,-0.033624,0.067016,0.1153,0.0083216,0.021243,-0.078181,-0.0051053,0.098074,0.055119,0.12655,-0.03055,0.089887,0.0739,0.085312,-0.021086,0.030828,0.07434,0.019821,-0.028574,0.030829,0.11415,0.084229,-0.0031229,-0.026478,-0.11514,0.0018259,0.047488,0.026092,-0.032466,0.0043337,-0.050239,-0.095068,-0.14165,0.013256,-0.020962,0.078467,0.088711,-0.074703,0.010434,0.11788,-0.13626,0.1514,-0.0058786,0.074516
-0.037798,0.10187,-0.032167,-0.09644,0.065614,0.15498,0.03676,-0.04846,0.077167,-0.066149,-0.030244,0.08589,-0.12742,0.18589,0.055159,-0.078213,0.084063,0.01572,-0.14487,-0.0794,-0.11218,-0.18068,0.057557,-0.081071,-0.09422,0.074707,-0.052381,0.068606,0.047647,0.072906,0.064877,-0.047421,0.00223,-0.13049,-0.021364,-0.052014,0.094053,-0.076249,-0.025582,-0.0032642,0.044122,-0.11441,0.032452,-0.13859,-0.021853,-0.041861,-0.067915,0.13099,-0.071329,-0.060823,0.13383,-0.17183,0.13537,-0.0086599,0.08109,0.11018,0.14427,-0.095923,-0.1369,-0.043963,0.076507,0.0017605,0.05944,-0.056847
0.041884,0.047726,-0.18512,-0.070632,0.10646,0.033534,-0.0075271,-0.23093,-0.038469,0.038958,0.076483,-0.021697,-0.13109,0.20351,0.1254,-0.01159,0.07053,-0.082267,0.025345,0.046089,0.010955,0.1615,-0.027414,0.0050791,-0.12124,0.087438,-0.18468,0.030981,0.040154,-0.14467,-0.0097603,0.0013726,-0.011973,-0.050324,-0.14687,0.015124,0.062296,-0.096525,-0.13455,0.03253,-0.0063217,-0.040043,0.039106,0.0051185,-0.014925,0.030108,0.093332,-0.012949,-0.070858,0.042973,0.10741,0.078134,0.053384,0.029296,0.039739,-0.067938,-0.028171,0.15015,-0.10335,-0.056851,-0.053968,-0.03353,0.11633,0.051986
-0.045478,0.029671,-0.11217,0.087994,-0.0014178,-0.1207,0.064475,-0.15517,-0.029975,0.15971,0.10017,0.071848,0.025181,0.028246,0.15268,0.1061,0.013881,-0.044902,-0.071791,-0.074584,0.13752,-0.12161,-0.11942,0.060494,0.1013,0.036546,-0.14586,0.075013,0.078811,0.11036,-0.084572,-0.032012,0.016922,0.093989,-0.09747,0.13699,-0.0079265,-0.049083,-0.11967,-0.060543,-0.014814,-0.029329,-0.025863,0.042545,-0.14507,0.11804,-0.03642,0.036262,-0.037033,0.092048,-0.14982,0.066608,-0.037434,-0.046538,-0.081925,-0.069798,0.12272,-0.087406,-0.12477,0.014993,-0.046288,-0.05059,0.038609,0.10441
-0.21872,-0.0013154,-0.04886,0.27187,-0.092407,0.049209,0.12714,0.014857,-0.044212,0.015726,-0.011352,0.081781,0.0074098,-0.097172,0.14254,0.039817,0.042648,-0.14509,-0.19326,0.14032,-0.0010757,0.08822,-0.11894,-0.011887,0.055476,0.026675,0.017872,0.049378,-0.09722,0.15661,0.043405,0.067974,0.011556,-0.047968,0.020498,-0.02405,-0.10762,-0.026781,0.0011024,-0.011559,0.085664,-0.069985,-0.086162,-0.064959,-0.12063,-0.039735,-0.022313,-0.026536,0.042468,-0.016347,0.0098909,-0.010861,0.057105,0.03614,0.17355,-0.00079394,0.10381,-0.0013872,0.029111,0.21583,-0.057727,-0.042465,-0.050286,-0.078232
-0.031872,0.040368,-0.026071,0.066198,-0.049798,0.20587,0.17119,0.099669,-0.039358,0.007837,-0.0015763,-0.12499,-0.13322,-0.045569,-0.0017763,-0.073922,0.04027,-0.093147,-0.037048,0.083253,-0.073279,-0.0915,-0.099492,0.12012,-0.036299,-0.089275,0.15796,0.020101,0.11798,-0.080188,0.06715,0.085739,0.032619,-0.00367,-0.14569,0.02463,-0.012991,-0.033808,-0.14673,0.13768,0.01977,0.017917,0.0085122,-0.037833,-0.0058404,-0.050084,-0.08683,0.030754,0.055106,-0.16957,0.13407,0.0022923,-0.13541,0.12542,-0.075246,0.1554,0.10783,0.079074,-0.036883,0.0052187,-0.091697,-0.045549,0.057542,0.10313
0.042318,0.042453,-0.044638,-0.050397,0.0073316,0.022798,0.15922,0.0088657,-0.0078918,0.10953,0.066876,-0.28057,-0.11664,-0.027374,-0.088569,-0.080539,-0.029436,0.0048585,0.021585,0.059583,0.023108,0.0026899,0.039224,0.078589,0.086662,-0.03379,0.037018,0.010077,-0.040523,-0.0028948,0.059919,-0.27436,0.1324,-0.13836,-0.15084,0.046349,0.066811,-0.15983,-0.11615,-0.0086181,0.050771,0.018752,0.036192,0.039308,-0.015941,-0.068874,0.023788,-0.1209,-0.008905,0.10965,0.016243,-0.098412,-0.038519,0.028291,-0.012399,-0.069826,0.0096265,0.014099,-0.15259,-0.032264,0.10186,-0.076593,0.04543,0.029822
-0.039366,0.078411,0.057335,-0.040028,0.051821,-0.19859,0.158,-0.063007,0.039948,0.099287,0.016356,-0.15052,0.022125,-0.01983,-0.14546,-0.083317,-0.18059,0.0016294,-0.050012,-0.049001,0.10689,-0.017481,0.0053562,-0.012507,0.10615,0.042825,-0.048395,0.087238,-0.15095,-0.11178,0.037132,0.12944,0.14616,-0.10189,-0.0066438,0.011512,0.086053,-0.080232,0.036857,0.050064,-0.034108,-0.046479,-0.063689,0.035787,-0.097058,0.080765,-0.16306,-0.022337,0.0031463,0.054597,0.0098128,0.13436,0.080921,-0.12406,0.026338,-0.11089,0.07567,0.11185,-0.046014,0.08853,0.017804,0.11945,0.07062,-0.048828
-0.080376,0.16091,0.18411,0.1307,-0.018359,-0.019414,-0.15165,-0.11567,0.010681,0.054468,-0.21032,-0.10731,-0.033116,-0.010314,0.17106,-0.080781,0.15357,0.11069,0.069882,0.067192,0.030039,-1.5019e-05,0.066385,0.022497,-0.050514,0.04945,0.06608,-0.075723,-0.01486,0.11263,-0.13771,0.025052,-0.0044999,-0.036359,-0.041969,0.14039,-0.081198,-0.043752,-0.046254,0.1005,-0.04532,0.064731,0.06597,-0.035356,0.043663,0.0014798,0.032714,-0.0019002,0.010774,0.081824,-0.072823,0.062927,-0.13061,-0.079481,0.078905,0.066698,0.078129,0.12293,0.0083169,0.10066,0.034856,0.013303,-0.022371,0.12993
0.037322,0.1293,0.074262,-0.017382,0.02345,0.10539,-0.076858,0.031961,-0.068263,-0.021299,-0.065456,0.044972,-0.16007,0.093941,0.079154,0.059997,0.04354,-0.022062,0.030353,0.032157,-0.060395,-0.15391,-0.03473,0.076219,-0.0047578,0.22294,-0.065841,0.031777,-0.061586,0.058984,0.034511,-0.0043785,0.1075,-0.057983,0.13938,0.16647,-0.079642,-0.021482,0.084867,-0.068005,-0.090677,0.026858,-0.055171,-0.13307,-0.1015,-0.085932,0.0095276,0.052293,0.15856,0.015317,-0.055786,0.032906,0.073243,-0.19057,-0.107,-0.065798,0.067584,-0.10636,-0.082093,-0.020658,0.011127,-0.12472,-0.074229,0.047156
0.085678,0.084723,-0.054028,-0.089463,0.11364,0.062984,-0.023265,-0.12423,-0.12689,-0.0051691,0.041475,0.0878,-0.083465,0.13867,0.018679,0.01807,0.059269,-0.23478,0.011822,0.12533,0.014799,0.13515,-0.041284,0.0046395,-0.055571,0.15056,-0.18129,-0.074102,0.036729,-0.12233,0.076678,0.067373,0.15454,-0.027494,0.039007,-0.0047851,-0.038592,0.016824,0.062584,-0.056466,0.040258,0.11442,-0.095201,-0.010612,0.020105,0.020549,0.21822,-0.03765,0.097963,-0.055116,0.044337,0.014314,0.060037,0.045143,-0.0049877,-0.00096759,-0.084809,0.23322,-0.040937,0.054323,-0.19686,0.079998,-0.14387,-0.082638
0.037272,0.1025,-0.033015,-0.010587,-0.060761,-0.027594,-0.013752,-0.1434,0.0038844,0.051428,0.12127,0.08017,0.084782,0.061904,-0.04779,-0.030817,0.14633,-0.1011,-0.033417,-0.03301,0.11004,-0.097823,-0.1462,-0.11332,0.06512,0.028523,-0.08748,-0.1784,0.15659,0.032111,0.081188,0.021682,0.17086,0.1354,-0.018677,-0.076058,0.064015,0.030453,0.018833,0.018123,0.088389,0.14693,0.061291,0.05476,0.12102,0.0073342,-0.033616,0.17542,0.016987,-0.057937,-0.14908,-0.055079,-0.075692,0.045813,-0.0082232,0.1499,0.095805,0.022694,-0.16212,-0.076055,0.17226,0.03746,-0.13662,-0.0018154
-0.1023,0.11444,-0.076163,0.12284,-0.25938,-0.036891,-0.095182,-0.028386,0.13537,-0.14826,0.20249,-0.071653,0.0089743,0.10123,-0.13117,-0.1235,0.071679,0.07199,0.021707,0.062164,-0.001481,0.026814,-0.0087311,-0.012368,-0.081821,0.054167,0.022876,-0.10651,-0.14341,0.071353,0.086577,0.087951,0.079326,0.086285,-0.0032392,0.059399,0.14141,0.041873,-0.0065335,-0.087181,-0.033963,-0.073672,0.030385,-0.055753,0.066367,-0.00090934,0.037191,0.021568,0.033591,0.073592,-0.04381,0.023301,-0.022055,-0.077832,0.13457,0.01109,0.042391,-0.084681,-0.036377,0.052437,-0.097749,-0.033119,0.11326,-0.11263
0.04204,0.10018,0.010715,0.0099636,-0.10773,0.082483,0.023125,0.11831,-0.058707,-0.062429,0.089205,-0.039056,-0.095127,0.030379,-0.06175,-0.097282,-0.13992,-0.04709,0.072712,0.060036,-0.055788,-0.1137,0.099975,0.17817,0.019786,-0.0029285,-0.031154,0.025282,0.0058348,-0.017863,0.01586,0.10328,-0.070513,0.10017,-0.16519,0.16887,-0.0044177,0.10026,0.11905,-0.041687,-0.014333,0.12443,-0.045633,-0.017052,0.043568,-0.10832,-0.12927,0.015586,-0.20975,-0.030672,-0.016965,0.19009,-0.014875,-0.030928,-0.010311,-0.10698,0.096982,0.076676,-0.024189,-0.044224,-0.05508,0.078361,-0.062022,-0.084761
0.084142,0.073073,0.037941,-0.055954,0.0096117,0.043499,0.095799,0.040007,-0.10855,0.087124,0.067308,-0.056358,-0.045039,-0.053738,-0.096038,-0.10454,-0.085164,-0.14871,0.028805,0.07054,0.05101,-0.0078019,0.14775,0.12557,0.09488,-0.097761,-0.027656,-0.084802,-0.0042793,0.083268,0.047603,-0.12886,-0.0074616,-0.1156,-0.14521,0.056917,-0.094594,-0.034708,0.13688,-0.12334,0.14738,-0.0043062,-0.092505,0.031961,0.086163,-0.038251,0.088716,-0.15987,-0.049552,0.009469,-0.058771,-0.073762,-0.034843,-0.056863,0.015149,0.047072,-0.086159,-0.11234,-0.2031,0.0056568,-0.023871,0.15401,-0.12356,-0.052337
0.036255,0.10284,0.11012,0.022798,-0.00054337,-0.042748,0.031433,-0.10754,-0.027216,0.18167,-0.028637,-0.074175,0.033943,-0.11459,-0.018114,-0.1608,0.056715,-0.054099,0.032535,-0.041916,0.16753,-0.012302,0.12937,-0.012951,0.041913,-0.12408,0.0020407,-0.15077,0.042267,-0.0064426,-0.02454,0.10462,0.0023789,-0.21447,-0.05174,-0.06343,-0.087247,-0.041234,0.041489,-0.001652,0.034009,-0.16658,-0.066762,0.012285,0.09799,0.0061543,-0.13743,0.075632,0.13596,-0.16593,0.025909,-0.030847,0.06415,-0.10412,0.030056,0.094625,-0.051154,0.021878,-0.098765,-0.0065706,-0.17521,-0.14386,0.035814,-0.084565
-0.11305,-0.1299,-0.1284,-0.12019,-0.20292,0.047069,-0.17291,-0.080215,-0.1245,0.15638,-0.23802,-0.05859,0.019529,0.073312,-0.15471,0.010199,-0.065372,-0.062495,-0.090491,-0.062057,-0.007975,0.010772,0.03277,0.04016,0.0029844,-0.0027227,-0.022787,0.03773,-0.054323,0.090854,-0.018543,0.017182,0.038187,0.14495,0.014983,-0.057118,-0.066844,-0.049152,-0.028051,0.0039278,-0.043169,-0.078765,-0.067464,-0.019785,0.049117,-0.11339,-0.015061,-0.040693,0.03511,-0.072277,-0.025888,0.062351,0.077433,0.02229,-0.12062,-0.0065204,-0.082033,0.13941,-0.041572,-0.092975,0.17423,0.10771,0.036509,-0.053483
0.038234,-0.10047,-0.048687,0.0059908,0.0030571,0.03065,-0.049376,-0.087672,0.13064,0.079326,-0.11182,0.11224,0.068463,-0.00094082,-0.11659,-0.074164,-0.12055,-0.073952,0.14922,0.043344,-0.10045,-0.13252,-0.076587,0.048937,0.11871,0.13927,-0.0092406,-0.038377,-0.12256,0.0777,-0.059023,0.023282,-0.13483,-0.03335,-0.084505,-0.10635,0.012135,-0.10261,-0.12073,0.011744,0.029827,0.041837,0.24788,-0.14492,-0.038836,0.064318,0.099047,-0.01115,0.063844,-0.1048,-0.13632,-0.027243,-0.021355,0.035779,-0.073284,-0.032547,-0.030312,0.095852,0.057857,-0.121,-0.1684,-0.023218,0.0062985,-0.14234
0.090317,-0.079921,-0.018652,0.072356,0.094583,-0.07104,-0.055195,0.051943,0.12205,-0.015289,-0.057786,0.096758,-0.052149,0.042311,-0.058174,-0.095737,-0.039981,-0.05743,0.10035,0.18923,-0.081794,0.083596,-0.02708,-0.023304,0.16041,0.051157,0.052138,-0.10094,0.1499,0.016592,-0.058218,0.010791,-0.14427,-0.0031845,0.049643,-0.10534,0.14861,-0.061377,-0.012696,0.028503,-0.16332,-0.12401,-0.022941,-0.13554,-0.13284,-0.041477,-0.073862,0.11192,0.059205,0.038479,-0.11118,0.070317,-0.079534,0.014045,0.0057416,0.11681,8.5913e-05,-0.041016,-0.1494,0.11348,0.066617,0.086352,-0.069226,-0.13665
0.034125,-0.13284,0.057607,0.00060896,0.042538,-0.10422,-0.13585,0.09349,0.028761,-0.073523,0.026709,-0.02661,-0.14304,0.0021533,0.022555,-0.16687,0.034104,-0.057739,-0.11561,0.048734,-0.024076,-0.063771,-0.10862,-0.11669,0.1468,-0.090514,0.031416,0.040734,0.19477,0.025307,-0.077333,0.043516,-0.01239,-0.036066,0.10103,-0.013081,0.0018366,-0.026857,0.033318,-0.22359,-0.076044,-0.095829,0.021006,-0.024788,-0.022148,-0.03782,0.11557,-0.085405,-0.081217,0.084694,0.049699,0.14679,-0.038177,0.0004793,0.09483,0.045099,0.026806,0.23449,-0.10926,-0.071082,0.058458,-0.074584,-0.061481,0.050845
-0.085193,-0.1831,0.16034,-0.12908,0.023911,0.054284,-0.18888,-0.10042,0.05513,-0.03521,0.19883,-0.18977,-0.0053078,-0.076967,0.11488,-0.025986,-0.048999,-0.13423,-0.13749,0.0049735,0.0089048,0.010068,-0.057663,0.010323,0.037679,0.016853,0.022805,0.082224,-0.061817,0.088416,-0.12274,-0.00026679,-0.0013326,-0.03829,0.0038649,-0.050392,0.069652,0.10773,0.042363,0.017007,-0.041809,0.12848,0.020369,0.00091956,0.045068,-0.076596,-0.013255,0.04916,-0.05191,-0.046301,4.0732e-05,0.056359,0.098092,0.012286,-0.14667,0.01658,-0.16424,-0.048544,-0.077928,-0.038573,-0.088172,-0.13836,-0.012666,0.020869
0.03215,-0.11334,0.087841,0.00077668,0.029854,0.078472,0.025306,-0.048065,0.14563,-0.045367,0.049932,-0.094,0.14997,-0.05328,0.0062424,0.10973,0.0097117,-0.12715,0.080477,0.028224,-0.019838,-0.099177,0.085482,0.24203,-0.052641,0.02802,-0.090678,0.0068526,-0.03128,-0.026684,-0.10639,0.09126,0.12442,0.0084895,0.1597,-0.077137,0.054585,0.0041004,-0.12121,0.10183,0.07083,-0.14256,0.030251,-0.071258,0.078127,-0.036505,0.0072581,-0.13267,-0.20199,-0.020309,-0.1168,-0.0593,-0.016105,0.050507,0.12206,0.0020622,-0.1305,-0.036361,-0.04672,0.031877,0.10524,-0.086199,-0.13319,0.035938
0.084027,-0.07589,0.011986,0.077195,0.019082,-0.034256,0.044361,0.089298,0.056992,-0.11977,-0.061297,-0.023039,0.1178,0.054893,0.016303,0.071132,0.09849,-0.077303,0.065176,0.10101,0.03116,0.0012194,0.13272,0.1525,0.012127,-0.076751,-0.13501,-0.041399,0.052437,0.080854,0.15084,-0.094527,0.0074899,0.018048,0.16375,-0.091407,-0.025389,-0.0030411,-0.14108,0.046886,-0.069848,-0.030191,0.16016,0.019145,-0.0038867,-0.031134,-0.2669,-0.017892,-0.061164,0.048684,0.035881,0.075735,-0.017478,-0.10666,0.046969,0.099775,-0.0097032,0.10555,-0.059154,-0.015419,-0.22376,0.15217,-0.095036,0.063648
0.031537,-0.11409,-0.028156,0.010676,-0.091228,-0.078036,-0.048868,0.1031,-0.075561,-0.063603,-0.12399,-0.026845,-0.015467,0.10546,0.0025519,0.019194,0.16084,-0.073287,-0.097121,-0.02578,0.047698,-0.043986,0.12068,0.0019848,0.072677,-0.19871,-0.085925,0.072213,-0.082973,-0.053629,0.19256,0.14106,-0.079954,-0.002,0.016764,-0.066278,-0.042701,-0.072356,-0.056554,0.084866,-0.15923,0.17324,0.045499,0.06251,-0.024082,-0.025842,0.091477,-0.11211,0.080031,0.12167,-0.0024691,-0.019046,-0.094951,-0.1384,-0.049692,0.051783,-0.052334,-0.091418,-0.18429,-0.045194,-0.011864,-0.013928,0.037847,-0.13249
-0.23796,-0.0094822,-0.12448,-0.284,-0.0096397,-0.016689,0.024418,0.031634,0.036044,-0.048177,-0.0036393,0.084566,-0.033671,-0.1562,0.1193,-0.026335,0.1526,-0.033971,0.2065,0.0014792,0.078074,0.031457,0.090157,-0.0069287,0.007745,-0.0098438,-0.00068007,-0.029282,0.093139,0.15801,-0.04519,0.011375,0.047653,0.11097,-0.0081785,5.4017e-06,0.089486,0.034486,-0.024829,-0.020865,-0.010335,-0.062424,-0.10268,-0.054305,-0.065363,0.0080173,-0.044333,-0.082241,0.039463,0.0098199,0.12494,0.052277,0.096207,0.059055,-0.062521,-0.089604,-0.20902,-0.0019551,-0.035426,-0.12967,-0.011338,0.01596,-0.0092986,0.10188
-0.041779,-0.029147,-0.12676,-0.062637,0.0877,0.13597,0.0062055,-0.04722,0.26975,0.051385,-0.089982,0.089853,-0.00487,-0.079536,0.0031391,-0.10948,0.014226,-0.0044849,0.032518,0.0072253,0.083136,-0.14886,0.10208,-0.10522,0.054473,0.14451,0.05119,0.10516,0.005842,-0.021405,0.12336,0.0011124,-0.068988,-0.016566,0.027888,-0.098993,-0.076893,0.10743,0.087702,-0.13636,0.077939,0.12425,0.023152,-0.10444,0.051845,0.21422,0.033362,0.030251,-0.10551,0.15949,0.13506,0.031548,-0.019312,0.0059804,-0.0045404,0.024852,-0.090741,0.096582,-0.022374,0.0012527,0.0082079,-0.034584,0.037067,0.070095
0.049802,-0.046049,-0.13088,0.055907,0.11871,-0.045349,-0.055268,-0.00038543,0.20102,0.12584,-0.063281,-0.027292,-0.080903,0.06348,-0.0069739,-0.054763,-0.070244,0.072263,-0.039852,0.15464,-0.067577,0.096587,0.079425,0.012597,0.13189,0.10818,0.13369,-0.017414,0.063814,-0.092545,-0.014747,-0.0059244,-0.13104,0.12081,0.11344,-0.10494,0.033834,0.11631,0.17973,0.13361,-0.091447,0.038443,-0.13834,-0.050841,0.0091671,0.011709,0.0089058,0.10584,0.032794,-0.027385,-0.068574,-0.076712,-0.018469,-0.039515,0.014925,-0.01535,0.025612,-0.11402,-0.15988,0.07648,0.006674,-0.033212,0.015535,0.054095
-0.048033,-0.11412,-0.042498,0.055277,0.141,-0.17167,-0.056909,0.078621,-0.043367,0.11507,0.044946,-0.026703,-0.15172,0.077162,-0.051126,-0.10374,-0.0088561,0.18835,0.024492,-0.022759,-0.1386,-0.1315,0.030401,0.049999,0.061019,0.016289,0.10196,-0.11273,0.034923,-0.0035321,-0.091959,0.060357,0.12711,0.14443,0.1689,-0.069694,-0.065839,-0.030679,0.068474,-0.056682,0.094923,-0.00054582,0.088286,0.056686,-0.052968,-0.072078,0.099425,-0.032885,-0.0023733,-0.11086,0.055585,-0.082325,0.001977,0.087403,0.088942,-0.10923,-0.045183,0.038541,-0.081168,-0.10827,-0.14736,0.085357,0.066511,0.0022694
-0.22276,-0.17934,0.087504,0.07413,0.18233,0.10064,0.016781,0.011506,-0.18881,0.038168,0.086813,-0.0049251,0.011426,0.096861,-0.18057,-0.10569,0.076146,0.070451,0.15681,-0.041747,0.039406,0.028461,-0.058208,-0.049573,0.0089063,0.00019894,0.044638,-0.075136,-0.1098,0.14078,0.068273,-0.0039982,0.0031068,-0.054082,0.0063819,-0.056251,-0.011491,0.023484,0.018265,0.13263,-0.0068412,0.11412,-0.042486,0.0082091,-0.073705,-0.0030994,-0.070524,0.047261,-0.056073,0.065533,0.11746,0.017841,-0.010386,0.097979,-0.13458,-0.11092,-0.11733,0.089173,-0.0077007,-0.078886,0.097001,-0.0051911,-0.011779,-0.088082
-0.04665,-0.081909,-0.01341,0.084913,0.070515,0.20493,0.13145,0.027288,0.036476,-0.020333,-0.048487,-0.14424,0.17389,0.082758,-0.064899,-0.010164,0.040765,-0.024751,0.073251,-0.007812,0.13649,-0.095874,-0.10198,0.12069,-0.14744,-0.09098,0.040995,0.046033,0.12811,-0.060027,-0.015371,0.086074,-0.066431,0.047144,0.10104,-0.026843,-0.062888,-0.035202,0.096489,-0.0049798,-1.3389e-05,-0.0079371,-0.19515,-0.13631,0.035032,0.11316,0.0073284,-0.17985,0.13341,0.16016,-0.052377,-0.015509,-0.089905,0.1053,-0.033648,-0.0079657,0.00027058,-0.039339,-0.025336,-0.058935,0.065729,-0.023146,0.094224,-0.063569
0.041762,-0.04405,-0.09884,0.059582,0.011536,-0.028487,0.081623,0.08163,0.070099,-0.05428,-0.080149,-0.22176,0.16379,0.10596,0.1043,0.048636,0.037035,0.031522,-0.052277,0.072145,0.015627,0.01256,-0.0074678,0.1265,-0.063169,-0.032542,-0.12415,-0.028325,0.039525,0.088613,0.057731,-0.18811,-0.12898,0.077161,0.17791,-0.066635,-0.12573,0.15033,0.13912,-0.084884,0.018928,0.06048,0.053214,0.028671,0.04364,0.059141,-0.1415,-0.014678,0.036482,-0.15089,0.015219,0.028388,-0.045056,-0.0058568,0.022678,-0.051525,0.083484,0.085682,-0.07078,-0.017223,-0.11488,-0.070253,0.10973,0.014235
-0.054656,-0.052146,-0.10351,-0.091595,-0.033099,-0.20158,0.068306,0.13739,-0.027518,-0.067418,-0.015129,-0.11974,0.0052521,0.02639,0.17231,0.057855,0.17802,-0.012622,0.04095,-0.0024125,-0.049426,-0.082089,-0.0033955,0.046417,-0.0019806,0.027893,-0.11151,-0.098384,-0.15312,0.00013196,-0.051608,0.17777,-0.20739,-0.023182,-0.042909,-0.077994,-0.037964,0.15804,0.043786,0.043924,0.059307,-0.012073,0.04244,0.098678,-0.09046,-0.073627,0.030301,-0.0073847,-0.012668,-0.07103,0.013672,-0.19001,-0.023865,-0.014407,0.042131,-0.026609,-0.063136,0.074528,-0.091349,0.078557,0.069715,-0.011555,-0.082061,0.056076
-0.22614,0.16861,0.085737,-0.082039,0.18705,-0.080618,0.010741,0.014524,0.075986,-0.18168,-0.094382,0.029062,0.0094742,0.088341,-0.15407,0.13096,-0.075307,-0.093148,-0.14814,-0.058559,-0.029445,0.0247,-0.054221,0.047758,0.025901,0.026409,0.031428,-0.083468,0.13407,0.13988,-0.0035853,-0.0076768,0.034302,0.042468,-0.0010662,0.054538,0.019371,-0.014463,-0.01545,0.13215,-0.046208,0.11669,-0.021863,0.027362,0.093418,0.038214,0.054702,-0.048101,0.098794,0.023766,0.070196,-0.0014566,-0.076467,0.052151,0.1453,-0.12603,-0.13393,-0.038864,0.04505,-0.12181,-0.032671,-0.025193,0.049053,-0.051825
-0.047267,0.10604,-0.057643,-0.061207,0.13104,0.18557,-0.04508,0.067801,0.13189,-0.019717,-0.037,-0.011878,-0.15226,0.06885,-0.035831,0.094254,0.016303,0.090784,-0.18336,-0.019102,0.14469,-0.13344,0.033991,-0.056397,0.052531,0.045787,0.091426,-0.11009,-0.015062,-0.035674,0.08587,0.035513,-0.010817,-0.19789,0.16649,0.076072,-0.039333,-0.036853,-0.089524,-0.08338,-0.025944,0.0092678,0.11166,-0.050754,0.03014,-0.12315,-0.047556,0.029855,-0.028873,-0.10149,0.048072,-0.082686,-0.0044472,0.084116,-0.071798,-0.095617,-0.048656,-0.012981,0.094623,-0.001016,0.18255,0.10022,-0.0062632,-0.023475
0.048291,0.044069,-0.1318,-0.05663,0.11914,0.048781,-0.050258,0.0010786,0.091614,0.21519,0.080955,-0.040824,-0.081125,0.060444,-0.0013604,0.046692,0.054953,0.068655,-0.057287,0.16163,0.046778,0.097759,0.080187,-0.0079621,0.097623,-0.01004,0.19058,-0.010783,-0.080573,-0.077598,-0.0019973,-0.0092959,-0.18251,-0.0013569,0.1166,0.084953,0.14954,-0.02117,-0.1584,0.13349,-0.032982,0.037545,-0.1657,0.057629,-0.0043474,0.025988,-0.013406,-0.095122,-0.058892,-0.016874,-0.033986,-0.043211,0.094233,-0.016574,-0.023547,-0.011548,0.11329,0.079366,0.14382,0.041503,-0.031037,-0.018392,-0.041777,0.045343
-0.04829,0.023026,-0.11871,0.073626,0.10143,-0.14077,0.00043443,-0.029858,-0.0068025,0.26715,0.11162,0.060123,-0.0096553,-0.083286,0.023477,0.10672,-0.018265,-0.026457,-0.0087814,-0.0033616,-0.086024,-0.14691,0.09689,0.11549,0.021749,-0.059435,0.14607,0.10206,-0.014656,0.043597,-0.1192,0.0037464,-0.040387,0.068908,0.037244,0.10132,0.054521,-0.10226,-0.075334,-0.15417,-0.024214,0.10933,0.044829,0.12717,-0.0095677,0.16807,-0.15618,-0.018959,0.18733,0.11362,0.081382,0.024509,-0.034067,-0.018123,0.012865,0.011824,-0.11282,-0.051135,0.040568,-0.026341,-0.016698,0.0013011,-0.098559,0.034467
-0.24208,0.00093276,-0.12662,0.283,-0.0022508,0.015997,0.027535,0.040046,-0.06759,0.026511,-0.001556,0.073365,-0.034728,-0.16942,0.13051,0.0020436,-0.14984,-0.17821,-0.069154,-0.029784,-0.06492,0.025016,0.086618,0.0037884,0.0064171,-0.0043896,-0.0088726,-0.045999,-0.066402,0.1339,0.11688,0.00959,-0.034353,-0.10794,-0.0099612,0.0013249,0.075874,0.045474,0.05109,-0.02229,-0.030846,-0.091292,-0.085512,0.031784,0.068778,0.0396,0.032305,0.07221,-0.0013067,0.0086728,0.081159,-0.03529,-0.15302,-0.020131,0.068041,-0.098889,-0.1722,0.083685,0.068781,-0.094884,0.088356,0.016668,-0.034971,0.086211
-0.050488,0.051369,-0.10817,0.081451,-0.039515,0.19408,0.081234,0.13387,-0.05731,-0.048728,-0.00073972,-0.12275,0.020908,0.023237,0.16671,-0.093119,-0.16923,-0.023819,-0.012097,-0.012495,0.057812,-0.07898,-0.0047794,-0.062872,-0.049762,-0.097358,-0.034659,-0.079008,0.16652,-0.044467,0.034811,0.16907,-0.15974,0.14554,-0.056269,0.077929,0.11121,-0.11668,-0.051262,0.023588,-0.052113,0.023396,0.062991,-0.09384,0.074595,-0.092097,0.011662,0.013548,-0.019097,-0.070687,0.022102,-0.13358,0.12856,0.022931,-0.031203,-0.023917,-0.068234,-0.038909,0.12254,0.013881,-0.091608,-0.038387,-0.0060868,0.097806
0.040551,0.044985,-0.098113,-0.062438,0.014139,0.019444,0.08317,0.082048,-0.045415,0.038875,0.063255,-0.23206,0.16915,0.10517,0.098101,-0.066261,-0.027578,0.061716,-0.012041,0.062311,-0.037758,0.01913,-0.0041179,-0.12086,-0.091508,-0.041921,-0.10526,-0.022158,-0.033358,0.10564,0.0070327,-0.19161,-0.14114,0.063396,0.17295,0.054429,0.059103,-0.16372,-0.14854,-0.099021,0.018039,0.087765,0.03081,-0.027441,-0.048768,0.13822,0.078864,0.024712,-0.077209,-0.13359,0.032126,0.056703,0.011733,0.009105,-0.02984,-0.057809,0.039842,-0.11602,0.056133,0.053247,0.10868,-0.01647,-0.10081,-0.0564
-0.055532,0.082946,-0.0041265,-0.089063,0.088703,-0.21164,0.11737,0.033634,-0.010766,0.013152,0.039199,-0.14096,0.1742,0.077765,-0.062269,0.027908,-0.041288,-0.082433,-0.018984,-0.033009,-0.13717,-0.09112,-0.094868,-0.1048,-0.10187,0.13932,-0.074266,0.024022,-0.12812,-0.040577,-0.01299,0.091397,-0.081025,0.00060475,0.1058,0.027683,-0.055487,-0.0080895,-0.09597,-0.029254,-0.090763,-0.053102,-0.17835,0.12498,0.0023143,0.092522,-0.061168,0.16891,-0.064108,0.21063,-0.012742,0.041993,0.032708,0.12931,0.05315,-0.030838,0.022722,0.033255,0.016378,-0.09508,-0.012039,0.0080133,-0.03228,-0.10881
-0.091444,0.18033,0.16147,0.12782,0.032982,-0.034128,-0.19169,-0.095191,-0.014093,0.042283,-0.21263,-0.18376,-0.013206,-0.058967,0.11223,0.018422,0.042046,0.053582,0.18871,0.020047,-0.015641,0.0072481,-0.064941,-0.010104,0.038238,0.0038369,0.02601,0.089482,0.057388,0.016767,0.15109,0.0038729,0.026774,0.02984,-0.0015193,0.046108,0.1314,-0.011036,-0.016953,0.029511,0.048303,0.13293,-0.0066495,0.041009,-0.041963,-0.041886,0.043313,-0.046344,0.02704,-0.064115,-0.030263,-0.013975,-0.10395,-0.063002,0.15125,0.021173,-0.089331,0.12777,0.11114,0.009206,0.095556,-0.10574,-0.074662,-0.012767
0.031974,0.13175,0.048875,-0.0090608,0.043574,0.12301,-0.12307,0.099131,-0.072379,0.017675,-0.033241,-0.031507,-0.14907,0.0047488,0.043956,0.15924,-0.043649,0.066807,0.093166,0.065115,0.031159,-0.073097,-0.11243,0.074277,0.19385,-0.0043957,-0.036203,0.0056549,-0.18665,0.0083565,0.079142,0.067142,0.019254,0.028499,0.11035,0.020345,-0.014779,0.014927,-0.02128,-0.19717,0.14344,-0.10881,-0.026078,0.0060518,0.023496,-0.089153,-0.065742,0.062796,0.1159,0.049036,-0.014649,0.13216,-0.071218,-0.0041459,-0.09233,0.056823,-0.067019,-0.22791,0.09957,-0.11711,0.0017507,-0.076762,-0.025932,0.052545
0.087959,0.080384,-0.019448,-0.070549,0.094057,0.077968,-0.049309,0.054153,-0.043473,0.12667,0.066069,0.079928,-0.050407,0.031285,-0.041862,0.10486,0.017425,-0.11842,-0.026368,0.19328,0.076393,0.079649,-0.027057,-0.0098294,0.12465,-0.071566,0.1056,-0.10747,-0.14483,0.0058171,0.069363,0.033636,-0.10582,0.090433,0.062641,0.086154,0.05287,0.14787,0.035956,0.089566,0.12128,-0.16996,-0.064081,0.09544,0.11554,0.026136,0.087274,-0.11317,-0.066718,0.032108,-0.08343,0.09977,0.040919,0.041244,-0.0023053,0.12823,0.058198,0.037264,0.16537,0.03136,-0.12485,0.020476,0.14426,-0.043139
0.032461,0.10221,-0.049302,0.0072064,0.0035183,-0.036769,-0.057223,-0.085072,0.04519,0.14448,0.13723,0.088711,0.068648,-0.0076915,-0.10725,0.10133,0.1076,-0.15531,-0.015699,0.046209,0.10443,-0.11955,-0.076267,-0.076792,0.025162,-0.12631,0.14035,-0.001994,0.12827,0.037456,0.081592,0.01778,-0.08287,0.11612,-0.074507,0.10087,-0.082263,0.066252,0.092447,0.039897,0.075574,-0.013727,0.26121,0.1346,0.0012634,-0.0032399,-0.12351,0.01038,-0.12325,-0.063013,-0.097255,0.0054654,0.052467,0.040873,0.084868,-0.030322,-0.079916,-0.067466,-0.064215,0.012413,0.21409,-0.04002,0.07924,-0.10105
-0.11709,0.13133,-0.13281,0.1204,-0.19672,-0.052175,-0.18101,-0.068592,0.15335,-0.11824,0.23806,-0.055573,0.009495,0.074703,-0.15763,0.021124,0.0483,0.0416,0.10071,-0.050303,0.0070593,0.017629,0.03883,-0.03418,-0.0042844,-0.013193,-0.020841,0.053464,0.063117,0.070641,0.0537,-0.0028976,-0.071663,-0.1344,0.018708,0.060085,-0.080106,-0.027527,0.010911,0.01816,0.013407,-0.081894,-0.08563,0.00097858,-0.062277,-0.069346,0.078118,0.033717,-0.062373,-0.059658,-0.051765,0.005552,-0.092071,-0.037987,0.12205,-0.01479,-0.11791,-0.082356,0.043913,-0.18246,-0.088114,0.10086,0.053602,-0.044459
0.032667,0.11433,-0.029834,-0.015498,-0.090118,0.078316,-0.045507,0.10776,-0.063215,-0.093487,0.10794,-0.025412,-0.0049296,0.1029,0.006463,-0.022635,-0.16513,0.037991,0.10359,-0.024868,-0.03873,-0.037471,0.13252,-0.039377,0.12663,0.0037798,-0.18774,0.062684,0.085734,0.020273,-0.20506,0.12614,-0.07323,0.042755,0.038279,0.060019,-0.093581,0.019703,0.037253,0.13887,0.13426,0.17173,-0.012686,-0.0065362,0.045589,-0.075194,-0.050739,0.11623,-0.034472,0.1453,0.045061,0.065743,0.1201,-0.084354,0.033564,0.064214,0.032352,0.088055,0.18142,-0.068027,0.04278,-0.011686,0.052777,-0.13332
0.081995,0.077702,0.013421,-0.075637,0.022305,0.033793,0.044075,0.088378,-0.12594,0.032842,0.048088,-0.032414,0.12818,0.046702,0.015764,-0.066522,-0.099056,-0.091682,0.013323,0.079967,-0.042378,0.008305,0.13874,-0.17406,-0.023994,-0.065806,-0.1222,-0.03614,-0.036297,0.13683,-0.09367,-0.098704,-0.0078628,-0.00071055,0.17702,0.067354,-0.031302,-0.033485,0.10836,0.092521,0.10857,-0.019194,0.13417,-0.045276,-0.00083666,0.13342,0.24372,0.021723,0.079862,0.0092494,0.025112,0.082443,0.0038126,-0.088338,-0.057307,0.1254,-0.056427,-0.086861,0.063133,0.10372,0.17936,0.098816,0.067773,0.12591
0.023605,0.11771,0.095461,0.0066447,0.040637,-0.078854,0.015239,-0.051797,-0.049925,0.13108,-0.058506,-0.10584,0.15878,-0.054124,-0.00368,-0.094044,-0.010173,-0.12199,0.063496,0.011996,0.015783,-0.088161,0.085027,-0.24314,-0.12644,-0.0524,-0.022666,0.034705,0.042243,-0.070152,0.084127,0.075466,0.080041,-0.099209,0.16465,0.061895,0.03218,0.0072354,0.10441,0.090928,-0.081411,-0.1598,0.081566,0.021124,-0.10816,-0.040897,0.019219,0.12393,0.16047,-0.064589,-0.14008,-0.048861,0.064943,0.082212,-0.0995,0.0054342,-0.087745,0.093424,0.055169,-0.043457,-0.098679,-0.14033,0.026414,0.10869
-0.0564,-0.11073,-0.10944,-0.09275,-0.13045,0.061552,-0.19358,-0.052866,-0.071516,0.13861,-0.20552,0.0015018,0.018694,-0.015158,-0.20296,-0.07332,-0.042635,-0.082809,-0.10354,-0.074859,0.015253,0.023072,0.042631,0.0038841,-0.00044292,0.04302,-0.087806,0.15369,-0.12839,-0.073771,0.0088696,-0.10843,0.06303,0.2534,0.062674,0.086118,-0.18574,-0.086895,-0.10012,0.046419,-0.070163,-0.075929,-0.097545,0.0043518,0.18151,-0.082445,-0.078899,0.094285,-0.043947,-0.12666,0.05416,-0.0045851,-0.02404,0.051232,0.23023,0.046218,0.039606,-0.054396,-0.012064,0.11238,-0.0028137,0.038767,-0.013013,0.22766
0.072312,-0.068369,-0.017989,-0.0061,0.016646,0.037922,-0.058808,0.024202,0.10639,0.042952,-0.078261,0.11945,0.094678,-0.10157,-0.10672,-0.075402,-0.032018,-0.0061997,0.055036,0.065438,0.022879,-0.069139,-0.020051,0.037231,-0.057199,0.21159,-0.11773,0.080121,-0.072285,0.016125,0.039187,0.025148,-0.085922,0.0049574,-0.1083,0.02064,-0.031475,-0.010992,-0.22956,0.079183,0.19113,0.026074,0.12863,0.12664,0.055606,-0.10388,0.055806,-0.014157,0.10726,0.0045844,0.11766,-0.10688,-0.05751,-0.15851,-0.023581,-0.18677,-0.045499,-0.050324,0.027398,0.12421,-0.15377,-0.0037018,0.008566,0.020367
0.11707,-0.050807,0.012838,0.042764,0.042961,-0.04774,-0.053102,0.10713,0.067793,-0.04503,-0.044701,0.092204,0.058157,-0.079004,-0.038203,-0.054986,0.024775,0.04388,-0.0079113,0.10191,-0.010731,0.073968,-0.040716,0.055236,0.008571,0.098218,-0.14837,0.0021675,0.13997,0.09383,0.09949,0.031741,-0.024784,-0.08072,-0.12174,0.075688,0.093296,0.025545,-0.098398,0.1451,0.021418,-0.15372,0.0019972,0.10174,0.0034476,-0.018088,-0.091517,-0.058817,0.1351,0.071457,0.053006,-0.030535,0.11952,-0.060431,-0.12505,-0.068793,0.025845,-0.1292,0.0073988,-0.11547,0.14491,0.10426,-0.16041,0.030035
0.071342,-0.094614,0.046193,-0.0011901,0.018261,-0.07257,-0.1184,0.093731,0.019934,-0.08702,-0.0027629,-0.0099447,-0.032678,-0.062196,0.0196,-0.11298,0.081984,-0.044424,-0.14413,0.0021699,-0.0079799,0.036765,-0.12155,-0.020807,0.11977,-0.068004,-0.16334,0.10412,0.14613,-0.016942,0.0077099,0.013375,-0.024042,-0.10173,-0.048275,0.23808,0.036034,0.052433,0.0029247,-0.12322,-0.08723,-0.15277,0.069854,0.016053,0.076216,0.1711,-0.046701,-0.17978,0.084132,0.065669,0.10497,-0.0392,0.031931,0.095313,-0.001586,0.053471,0.011919,0.063714,0.17315,-0.015973,0.091519,0.16948,-0.031779,0.024946
-0.033228,-0.16011,0.12977,-0.09415,0.031968,0.060857,-0.17944,-0.046801,0.023177,-0.061574,0.14495,-0.14036,0.036206,-0.091147,0.050321,-0.085548,0.021065,-0.19772,-0.11154,-0.032818,0.064771,0.034941,-0.13299,0.020553,0.048396,-0.0079906,-0.017943,0.18036,-0.11218,-0.018213,-0.22742,-0.11282,-0.11846,-0.059688,-0.022448,0.13631,0.15021,0.12914,0.04596,-0.091184,-0.083619,0.087494,0.00060514,-0.034013,0.0469,0.012593,-0.078573,0.12434,0.15424,-0.11232,0.018074,-0.21112,-0.087365,-0.060011,0.0012931,0.043328,0.10139,0.011071,0.042339,0.0088714,-0.074027,0.11308,0.112,-0.13834
0.058927,-0.092563,0.070017,0.019583,0.030879,0.07251,-0.016442,0.017567,0.050232,-0.058211,0.049609,-0.004903,0.16281,0.0081359,0.02385,-0.027095,-0.016445,-0.10344,0.075731,-0.037517,0.09515,-0.034184,-0.02631,0.18603,-0.05378,0.098016,0.10022,0.086006,-0.03623,-0.03777,-0.17762,0.014704,0.016239,-0.031723,0.055448,-0.0062414,0.16446,-0.14712,0.035911,-0.010994,0.164,-0.11174,-0.00050806,0.027551,-0.0018644,-0.1963,0.16147,0.11305,0.07198,0.034673,-0.034523,-0.014661,-0.063152,0.12244,0.12478,-0.14773,0.1644,0.052424,-0.016226,0.032946,0.17329,0.072771,-0.0069839,0.016734
0.10796,-0.056035,0.015632,0.07179,0.0095442,-0.026647,-0.01503,0.073658,0.00052244,-0.086313,-0.019958,0.080906,0.11909,0.072116,0.048047,-0.027375,0.0089254,-0.023881,0.049636,-0.037044,0.060969,0.090155,0.03383,0.14609,0.076153,0.046283,0.11175,0.023551,0.051398,0.072723,0.076842,-0.053295,0.11003,-0.060576,0.0045549,0.012556,0.11517,-0.18803,0.075796,0.083005,0.039719,-0.10073,0.10548,0.094091,-0.0070592,-0.015558,-0.0024835,0.1909,-0.061197,0.0032584,0.14371,0.19751,0.052326,0.10824,-0.074482,-0.10944,0.093071,0.0047926,0.082449,-0.020567,-0.064542,-0.044474,-0.11109,-0.055701
0.063997,-0.091321,-0.020479,0.026984,-0.058878,-0.050722,-0.083597,0.060369,-0.051839,-0.032493,-0.088217,0.047208,0.009826,0.071264,-0.021833,-0.069126,0.06441,-0.050341,-0.088723,-0.094519,0.015411,0.038377,0.046051,0.037363,0.17345,-0.11232,0.0035529,0.11075,-0.067238,-0.097083,0.17301,0.032889,0.079283,-0.0041875,0.0049323,0.1099,-0.048149,-0.19935,0.059882,0.13144,-0.18144,0.053295,0.046396,0.0033345,0.085537,0.14363,0.13593,0.092526,-0.11279,0.15668,0.072727,-0.049533,-0.011284,0.16798,-0.024111,0.0176,0.012981,-0.19187,0.048777,0.0041673,-0.10754,-0.25922,-0.10291,-0.06156
-0.16814,-0.013604,-0.12823,-0.2302,0.028,0.024921,-0.056892,0.082194,0.020532,-0.048227,-0.02692,0.091483,-0.061008,-0.20933,0.049764,-0.0029662,0.21592,-0.044137,0.11168,-0.085136,0.17791,0.032331,0.17828,0.050193,-0.094992,-0.11893,-0.032586,-0.071088,-0.028289,-0.14797,-0.061695,-0.14643,0.13083,0.10211,0.10245,0.068936,0.15761,-0.0077065,0.072264,0.06272,0.026314,0.026119,0.0070415,-0.069256,-0.22362,-0.027208,-0.087718,-0.024772,0.054357,-0.015673,-0.088727,0.13238,0.045987,0.014032,0.14787,0.01847,0.20839,-0.091078,0.04808,-0.093454,-0.057446,0.046885,-0.043273,-0.088044
0.012761,-0.014529,-0.067423,-0.029491,0.087159,0.10581,-0.030211,0.082706,0.17755,-0.0095943,-0.066907,0.08004,0.058975,-0.1636,-0.031666,-0.0046695,0.0038341,0.084746,-0.056459,0.023424,0.22138,-0.046209,0.037752,-0.031809,-0.19714,0.10559,-0.10293,0.029668,-0.055582,-0.049458,0.030678,0.02744,0.075936,-0.081451,-0.0081036,0.051425,-0.059494,0.12124,0.041899,-0.10104,0.036223,0.14349,0.028028,0.28815,-0.085083,-0.065229,0.037724,-0.031095,-0.097104,0.10822,0.099615,0.083925,-0.13849,0.0027567,0.0070498,0.20968,0.017045,0.035298,0.019086,0.087325,-0.03806,-0.080788,0.10226,-0.11504
0.090207,-0.028875,-0.05435,0.033465,0.068749,-0.02958,-0.062312,0.097601,0.11064,0.036348,-0.042158,-0.005774,0.090758,-0.098298,-0.020303,-0.025115,-0.0041783,0.18118,-0.11679,0.078369,-0.024824,0.11473,-0.058091,0.068886,-0.09303,0.099105,-0.1399,0.022924,0.086224,0.093957,0.059355,0.062878,0.065886,-0.047282,-0.10681,0.044067,-0.021499,0.095426,0.067996,0.099431,0.011419,0.033876,-0.20207,0.12828,0.048393,-0.041302,-0.016418,-0.018595,0.021963,-0.071243,-0.1093,-0.035146,0.11554,-0.016734,-0.050166,0.044935,0.0046342,-0.079735,-0.062215,-0.16839,0.14711,-0.14105,0.10774,0.069526
0.0089786,-0.088995,-0.01985,0.014746,0.10206,-0.11389,-0.091911,0.12529,-0.043493,0.032123,0.023111,-0.043148,-0.031289,-0.047048,-0.050539,-0.15674,0.097261,0.16681,-0.075945,-0.04847,-0.17707,0.014948,-0.13998,0.021082,-0.010153,0.010926,-0.15409,-0.09213,0.15572,-0.075034,0.015109,0.051781,0.11449,0.0078536,-0.030269,0.11084,-0.12802,-0.003021,-0.023003,-0.047697,0.23904,-0.0449,0.027608,-0.11156,0.0032681,0.036291,-0.029771,-0.10868,-0.0037096,-0.094912,-0.16895,0.082858,0.09532,0.13624,0.088574,-0.077959,-0.10595,-0.067436,0.090302,0.16156,-0.051902,0.019575,0.18591,0.05825
-0.15475,-0.16095,0.049803,0.066722,0.17426,0.079981,-0.049462,0.084522,-0.18015,-0.02035,0.050142,0.0056728,-0.0066429,0.0091674,-0.17332,-0.2288,0.044919,-0.0073391,0.12156,-0.10904,0.029467,0.045328,-0.15058,-0.17351,-0.014243,0.047594,-0.016504,-0.18172,-0.048581,-0.10213,0.034637,-0.17004,-0.11139,0.064332,-0.093958,0.089682,-0.11433,0.09129,-0.067092,0.076453,0.056691,-0.040501,0.024389,-0.03923,-0.198,0.071252,-0.10645,0.04122,-0.12957,0.0047034,-0.01947,-0.023106,-0.080659,-0.21989,-0.031484,0.0094598,0.058014,-0.071756,0.034,0.054597,-0.041543,-0.13565,-0.12566,0.0022465
-0.0033559,-0.062111,-0.031576,0.09222,0.055255,0.1374,0.031358,0.075308,-0.016459,-0.033151,-0.037717,0.0094894,0.15543,0.07945,0.0095184,-0.09642,-0.1039,-0.0063297,0.08051,-0.1357,0.17829,0.0066944,-0.050252,-0.028335,-0.053912,0.12044,0.19356,-0.029232,0.058668,-0.094701,-0.076709,0.037177,-0.031829,0.13599,-0.1178,0.01851,-0.069735,-0.12638,0.11333,-0.13344,-0.047118,-0.083592,-0.092092,0.12605,-0.14967,-0.062192,0.16046,-0.045954,0.12692,0.12386,-0.016464,0.00017811,0.084202,-0.10686,0.084271,0.21338,-0.038564,-0.043602,-0.039925,-0.034204,0.014893,0.059583,-0.037451,0.12003
0.080776,-0.031978,-0.079053,0.055096,-0.0028029,-0.021751,-0.01418,0.051944,0.019826,-0.028503,-0.044029,-0.0010454,0.17233,0.10866,0.1294,-0.01782,-0.01309,0.051954,-0.023745,-0.13003,0.029912,0.15736,0.030572,0.12518,0.089981,0.1169,0.18878,0.039147,0.017444,0.083191,0.051419,-0.052732,0.11372,-0.027921,-0.086271,0.013103,-0.013366,-0.055145,0.18405,-0.07841,0.0591,0.028819,-0.014462,0.10615,0.0081088,0.068328,0.010895,0.13499,-0.022425,-0.20542,0.0522,0.13224,0.061027,-0.051391,-0.07235,0.042368,-0.071574,0.074304,0.029535,-0.016817,-0.014285,-0.015056,0.2029,-0.0047061
-0.0064486,-0.050628,-0.10608,-0.067421,-0.027561,-0.11865,-0.034899,0.098353,-0.03319,-0.024243,-0.027885,0.0034061,0.022603,0.016442,0.14514,-0.020721,0.21411,-0.0058734,-0.01557,-0.16528,-0.048571,0.036542,0.11239,0.14824,0.12375,-0.059427,0.069746,-0.022023,-0.11969,-0.14953,0.084356,0.10411,0.034205,-0.1021,-0.065437,0.046464,0.044974,-0.03498,0.13392,0.074865,0.18653,0.055209,0.038308,-0.10149,-0.05788,0.047776,0.044762,0.14599,-0.07753,0.066045,-0.1861,-0.2175,-0.003886,0.00011368,-0.079988,-0.045386,-0.030753,0.078343,0.12033,0.089664,0.079059,0.040524,0.076265,0.019847
-0.15983,0.14915,0.044435,-0.07881,0.17856,-0.055278,-0.048475,0.092461,0.012745,-0.18392,-0.060751,0.027692,-0.017218,0.0048162,-0.12754,0.25047,-0.038805,-0.093597,-0.053607,-0.11789,0.0014674,0.037674,-0.15125,0.16599,-0.010541,-0.057763,0.023242,-0.19641,0.029158,-0.077297,-0.083403,-0.17261,-0.12356,0.048939,-0.1087,-0.093927,-0.0093799,-0.13744,0.048614,0.058355,-0.062805,-0.045366,0.077557,0.017633,0.17795,0.10414,0.05452,-0.03967,0.10265,-0.054924,-0.016896,0.06344,0.17299,-0.1758,-0.0037126,-0.012847,0.075741,0.050271,-0.052016,0.075677,0.0034239,-0.17678,0.031429,0.048527
0.0083861,0.081292,-0.031213,-0.019559,0.095729,0.13118,-0.080008,0.12168,0.051775,-0.040414,-0.028274,-0.036198,-0.0248,-0.053482,-0.020386,0.15232,-0.077984,0.18159,-0.11489,-0.039551,0.17457,0.014104,-0.14011,-0.037813,-0.067908,-0.11592,-0.084277,-0.090206,-0.13696,-0.025012,-0.049728,0.055212,0.086638,-0.089182,-0.031662,-0.095251,-0.087212,-0.10826,0.0090921,-0.12559,-0.18592,-0.072862,0.13053,0.090715,-0.044693,0.031047,-0.003887,0.094068,-0.06783,-0.072805,-0.19253,0.013296,-0.11413,0.10158,-0.078033,-0.099003,-0.077936,0.11876,-0.038531,0.17329,-0.050183,0.11776,-0.11324,-0.062313
0.088967,0.026963,-0.055375,-0.034083,0.06893,0.038058,-0.058397,0.097548,0.020273,0.11058,0.046001,-0.017325,0.090135,-0.098082,-0.014708,0.025167,0.022483,0.19878,-0.098096,0.074208,-0.012963,0.11978,-0.058576,-0.044085,-0.15943,-0.099644,-0.027497,0.03371,-0.068948,0.12376,-0.012838,0.069477,0.083304,-0.01161,-0.11195,-0.037316,0.062148,-0.066208,-0.04294,0.066167,-0.12729,0.079166,-0.18889,-0.11076,-0.039922,-0.029334,0.035842,0.022865,-0.075321,-0.049175,-0.1144,-0.077553,-0.017975,-0.05313,0.050682,0.017491,0.059326,0.081246,0.024419,-0.21458,-0.023486,-0.057233,-0.19931,-0.048494
0.0070861,0.0071918,-0.061996,0.036388,0.098918,-0.10197,-0.034101,0.094694,-0.049431,0.16606,0.074184,0.056942,0.044338,-0.16013,-0.027325,0.0071775,0.010774,0.084037,-0.028615,-0.0052922,-0.24337,-0.043648,0.03486,0.068278,-0.21546,-0.049509,-0.022184,0.022924,0.051264,-0.048956,-0.061496,0.025796,0.10744,0.0039735,-0.02439,-0.040654,0.059909,-0.11929,-0.028879,-0.11576,0.02604,0.22479,0.022799,-0.21586,0.11874,-0.10342,0.0076047,0.034351,0.15613,0.061015,0.071154,0.14115,0.01859,0.029641,0.0032117,0.18837,-0.0096568,-0.037609,-0.00012025,0.10819,-0.036786,-0.037218,-0.050397,-0.18103
-0.17335,0.0012119,-0.12677,0.22886,0.040884,-0.015919,-0.053272,0.093466,-0.068013,0.0074074,0.01507,0.086011,-0.062768,-0.21921,0.05657,-0.010776,-0.20689,-0.10507,-0.0039794,-0.12143,-0.15384,0.027083,0.18474,-0.041261,-0.052737,0.055816,-0.12295,-0.10107,0.0073269,-0.16742,0.0041951,-0.15701,0.042101,-0.14662,0.097921,-0.085418,0.11045,0.12637,-0.048016,0.038023,-0.037621,-0.012835,0.035746,0.063223,0.20313,0.025003,0.092565,0.023465,-0.09006,-0.011003,-0.11279,0.07845,-0.088193,0.0063925,-0.1582,0.018068,0.1952,-0.0028992,-0.11436,-0.036012,0.10374,0.0076656,0.11093,-0.028007
-0.004343,0.047401,-0.10693,0.06228,-0.030042,0.11914,-0.025578,0.096523,-0.025047,-0.038987,0.02084,0.0065309,0.038271,0.015171,0.1526,-0.0082231,-0.19607,0.03825,0.01526,-0.17193,0.076008,0.047349,0.11996,-0.16096,0.1195,0.053102,0.045808,-0.014485,0.11013,-0.11002,-0.14452,0.09734,0.088931,0.040407,-0.071477,-0.042107,0.034033,0.070246,-0.1266,0.012107,-0.17486,0.03704,0.11508,0.11251,0.035689,0.0028287,-0.06948,-0.15104,0.027692,0.042992,-0.17517,-0.13945,0.19094,0.016778,0.092629,-0.07162,-0.074937,-0.040531,-0.097408,0.037301,-0.11749,0.077495,-0.042697,-0.030972
0.080042,0.031636,-0.079566,-0.054302,-0.0021833,0.019896,-0.012583,0.049791,-0.03113,0.014032,0.044841,-0.0074239,0.16923,0.10809,0.12996,-0.0016059,0.031644,0.053656,-0.0259,-0.13674,-0.024783,0.16493,0.035481,-0.094273,0.064076,0.08069,0.22342,0.043666,-0.022993,0.098802,-0.00072168,-0.054723,0.11322,-0.055877,-0.088873,0.0066088,-0.021121,0.043146,-0.16417,-0.10699,-0.034844,0.070461,-0.018561,-0.089508,-0.013964,0.051907,-0.060409,-0.11964,-0.042192,-0.21086,0.020288,0.079239,-0.10417,-0.10879,0.053007,0.018044,-0.099972,-0.037832,-0.022065,0.014115,0.0057174,0.076795,-0.12437,-0.12435
-0.010914,0.061131,-0.029259,-0.097171,0.067342,-0.13785,0.024863,0.081611,-0.031299,-0.02575,0.038275,0.0077359,0.13645,0.077641,0.019135,0.1004,0.11598,-0.082761,-0.017103,-0.15137,-0.16058,0.0029929,-0.046764,0.063397,-0.036773,0.10211,0.18715,-0.052094,-0.082102,-0.1104,0.015717,0.029088,-0.11396,-0.094925,-0.11759,0.0068775,-0.12786,0.037056,-0.11367,-0.13742,0.052213,-0.067725,-0.11685,-0.1255,0.16327,-0.14814,-0.080971,0.035698,-0.077267,0.1541,-0.03219,-0.039294,-0.017107,-0.12191,-0.079683,0.21319,-0.013474,0.067737,0.023956,-0.038519,0.0019146,0.054254,-0.035764,0.12756
-0.039746,0.15954,0.13129,0.090557,0.042994,-0.043363,-0.17821,-0.039255,-0.045339,0.005192,-0.15926,-0.13567,0.028172,-0.074078,0.060122,0.091922,-0.032895,-0.0037483,0.22938,-0.03044,-0.061829,0.032254,-0.14135,-0.019408,0.053573,-0.011187,-0.015465,0.18323,0.07562,-0.13545,0.19482,-0.097809,-0.039222,0.13423,-0.04638,-0.1515,0.18068,0.041201,-0.0058727,-0.071274,0.096237,0.086511,-0.061363,0.061528,-0.031556,0.071046,0.049403,-0.094294,-0.17523,-0.058538,0.12419,-0.10761,0.18968,0.017531,0.0013711,0.053894,0.065586,-0.060691,-0.055233,0.056963,0.046349,0.11722,0.034695,-0.15486
0.068769,0.094625,0.039541,-0.0050481,0.019041,0.08805,-0.1075,0.098648,-0.087912,0.0034193,-0.0061517,-0.018403,-0.034643,-0.056733,0.040319,0.1098,-0.081543,0.11134,0.10366,0.009212,0.0085413,0.036326,-0.12349,-0.016193,0.10232,-0.13561,-0.13198,0.090633,-0.14674,0.0079537,-0.025761,0.045526,0.062654,0.089823,-0.059066,-0.2388,0.046021,-0.017141,0.0051465,-0.10436,0.12442,-0.13921,0.0077038,-0.073235,-0.058112,0.16591,-0.054531,0.18813,-0.014957,0.10162,0.098201,-0.070198,-0.066649,0.078491,0.026607,0.037654,-0.065518,-0.073669,-0.1908,-0.029721,-0.070056,0.1178,0.093032,0.092942
0.11515,0.051338,0.011577,-0.042274,0.042597,0.055725,-0.047706,0.10693,-0.06391,0.065544,0.047,0.079424,0.059414,-0.082779,-0.024113,0.06229,-0.018237,0.034694,-0.041535,0.093163,-0.010977,0.078763,-0.03982,-0.059815,-0.07562,-0.15674,-0.005931,0.012744,-0.11847,0.14799,-0.051192,0.051895,0.040995,0.073328,-0.12132,-0.088612,0.05395,0.042492,0.095589,0.13776,-0.05692,-0.12215,0.020313,-0.15759,-0.007128,0.022655,0.097328,0.055103,-0.094234,0.10571,0.074691,-0.089667,-0.063069,-0.10147,0.1033,-0.06582,0.079636,0.10844,-0.039482,-0.17957,-0.053984,0.014647,0.12918,0.12941
0.067644,0.06903,-0.018988,0.015316,0.018758,-0.039395,-0.062048,0.025601,0.010954,0.11501,0.096413,0.10175,0.088731,-0.10538,-0.091852,0.098004,0.033034,-0.045195,-0.019822,0.050615,-0.041429,-0.058213,-0.023138,-0.01994,-0.16708,-0.15612,0.090043,0.11662,0.070914,0.0267,-0.032468,0.01191,-0.07073,0.047392,-0.11077,-0.025007,-0.076942,-0.034892,0.18466,0.042426,-0.11473,0.062767,0.20433,-0.11175,-0.065631,-0.14736,0.021457,0.0013285,-0.069703,0.04769,0.2057,-0.035927,0.11052,-0.099991,-0.010458,-0.15729,-0.026173,0.043143,0.015786,0.18227,0.060124,0.0082141,0.016593,-0.0039641
-0.06156,0.11124,-0.11345,0.097001,-0.1228,-0.059877,-0.19758,-0.039543,0.12601,-0.065188,0.20694,-0.0027658,0.0043846,-0.014839,-0.18537,0.11578,0.024614,0.045649,0.12597,-0.068224,-0.015499,0.026579,0.047097,0.013361,-0.028992,-0.080705,-0.026184,0.17522,0.10218,-0.069699,-0.041578,-0.14399,-0.1249,-0.22054,0.06092,-0.085952,-0.20143,-0.10524,0.042535,0.058799,0.0044935,-0.053815,-0.12768,-0.0079936,-0.16087,-0.0013266,0.10257,-0.079576,0.033909,-0.13307,0.065697,-0.023557,-0.018702,0.097093,-0.21808,0.069676,0.05664,0.027972,0.014071,0.085753,-0.067557,0.061702,-0.13268,0.18931
0.063406,0.091518,-0.022595,-0.0276,-0.058797,0.056209,-0.079702,0.063877,-0.036798,-0.057936,0.081847,0.045848,0.0097508,0.071833,-0.0053121,0.072447,-0.06443,0.051168,0.084439,-0.088541,0.0015749,0.047658,0.058433,-0.065386,0.20116,0.0015772,-0.041317,0.10749,0.052974,-0.019205,-0.2018,0.024469,0.066134,-0.059557,0.021108,-0.11163,-0.17041,0.092502,-0.097374,0.17403,0.12517,0.057564,-0.03426,0.019203,-0.041164,0.051662,-0.20031,-0.093139,0.18658,0.10718,0.044247,-0.073463,-0.044516,0.15193,0.049708,0.019634,0.099525,0.16319,-0.046556,0.077057,0.081531,-0.27991,-0.023872,-0.032476
0.10649,0.057208,0.015495,-0.069958,0.010849,0.0305,-0.013526,0.070319,-0.091265,-0.0052937,0.018376,0.076767,0.11627,0.067599,0.053261,0.025426,0.00022567,-0.051932,-0.007165,-0.051922,-0.056551,0.09692,0.042675,-0.13447,0.055727,0.050229,0.13156,0.022643,-0.050085,0.10001,-0.027083,-0.047585,0.13648,-0.035865,0.00986,-0.017644,-0.050546,0.19991,-0.089555,0.073858,-0.0024463,-0.065772,0.10458,-0.12303,0.0067877,-0.014464,0.0096049,-0.19806,0.086724,-0.042461,0.092058,0.090605,-0.2367,0.029648,0.062721,-0.087591,0.06567,-0.046831,-0.082723,0.037874,0.066046,-0.091647,0.087017,0.0042054
0.051653,0.09708,0.075173,-0.0155,0.041412,-0.071543,-0.021392,0.015118,-0.058953,0.043924,-0.054031,-0.010053,0.15824,0.0074671,0.02594,0.03983,0.018509,-0.11899,0.055379,-0.056463,-0.092455,-0.027553,-0.025299,-0.15614,-0.087573,0.068738,0.13805,0.098472,0.022563,-0.12151,0.14922,0.012885,0.037638,-0.00045355,0.049251,-0.0009747,-0.0017593,0.20701,-0.034681,-0.063119,-0.11605,-0.10831,0.060636,-0.048111,-0.017877,-0.26393,-0.0068161,-0.13638,-0.061044,0.05617,-0.0065617,0.00075449,-0.0045424,0.16296,-0.1213,-0.11472,0.11795,-0.13738,-0.00032984,-0.090612,-0.14773,0.065111,0.048119,0.020961
