0.0024261
0.0034038
0.0029444
0.0025195
0.0024872
0.0018876
0.0018333
0.0029941
0.0012893
0.0011291
0.0015028
0.0029502
0.0034805
0.0041111
0.0031212
0.0021401
0.00045498
0.0017166
0.0015396
0.0018977
0.0012119
0.0013815
0.0014602
0.0020226
0.0043465
0.0029081
0.0018823
0.0018772
0.0021667
0.0017614
0.0040627
0.00097937
0.0032343
0.0035794
0.0028798
0.00076432
0.0017807
0.0013131
0.0017503
0.0021418
0.0015288
0.00099736
0.00094675
0.0013807
0.0019145
0.0019865
0.0028665
0.0014175
0.0016733
0.0014258
0.0031593
0.0025307
0.0020636
0.0018277
0.0023813
0.0015675
0.0018382
0.0014295
0.003075
0.0032657
0.0018166
0.002964
0.0011667
0.0023599
0.002049
0.00068066
0.0022923
0.0010109
0.002286
0.00098286
0.0019749
0.0018805
0.0014878
0.0011034
0.0021419
0.0024033
0.0015215
0.0015055
0.002331
0.0025868
0.0010872
0.0022255
0.0019767
0.0014406
0.0016731
0.001298
0.0025561
0.00082907
0.0011252
0.0017944
0.0017922
0.0019797
0.0016705
0.0028892
0.0017962
0.001425
0.0026219
0.0020705
0.0025756
0.0016442
0.0019799
0.0023097
0.0018321
0.0014617
0.00148
0.0028631
0.0017594
0.0011601
0.0026509
0.0015191
0.0010086
0.0016932
0.0023869
0.0021771
0.0015568
0.0031791
0.0011456
0.0018961
0.0014781
0.001573
0.0027834
0.00087784
0.0018552
0.0017658
0.0010604
0.0036146
0.0027354
0.0013949
0.0029577
0.0034068
0.0021477
0.0015779
0.0022433
0.0021927
0.0028696
0.0035535
0.0027243
0.0007447
0.0024959
0.0015221
0.0032207
0.0011645
0.0017425
0.0016454
0.0016332
0.0023801
0.0015933
0.0012866
0.0018704
0.0013767
0.0012167
0.0022881
0.0021955
0.0025484
0.0022481
0.00097569
0.0014291
0.0025714
0.0019608
0.0026875
0.0014717
0.0011202
0.0033157
0.0020826
0.002619
0.0019784
0.0013436
0.0017709
0.0019484
0.0013816
0.0026821
0.0013779
0.0034905
0.0029169
0.0023354
0.0025896
0.0020271
0.001643
0.002159
0.0013917
0.0017604
0.0034405
0.00098838
0.0011453
0.001666
0.0020283
0.002815
0.00096426
0.0021884
0.00080681
0.0025406
0.00097548
0.0024649
0.0013437
0.0013579
0.0012665
0.0036022
0.0015103
0.001543
0.0028371
0.0028145
0.0016425
0.0018178
0.0013694
0.0011108
0.0024897
0.0023769
0.0017047
0.0012217
0.0018323
0.0019593
0.0018038
0.0038091
0.0014433
0.002936
0.0019534
0.0026686
0.0019253
0.0020883
0.0015582
0.00099964
0.00089684
0.0021219
0.0033943
0.0029346
0.0020368
0.0026758
0.0023453
0.0013979
0.0027339
0.0017342
0.001496
0.0024071
0.0016091
0.0012152
0.0030263
0.0026634
0.0024151
0.0010072
0.002839
0.0013804
0.0032151
0.0023721
0.003069
0.0013915
0.0010683
0.0015991
0.002184
0.0016823
0.0048657
0.0025885
0.0023142
0.0018225
0.0015016
0.0014103
0.0015228
0.0018932
0.0021401
0.0017949
0.0024205
0.0018145
0.0029622
0.0011311
0.0020803
0.0018332
0.0014515
0.002377
0.0016466
0.0022972
0.0023308
0.0028861
0.0012999
0.0021826
0.0011883
0.0027298
0.001795
0.0030578
0.0015351
0.0025665
0.0016413
0.0014566
0.0011526
0.00087938
0.0015827
0.0011004
0.0019991
0.0020373
0.0012839
0.0011937
0.0028611
0.002322
0.0023649
0.0018127
0.0027269
0.0027001
0.00081912
0.001425
0.0024769
0.00083864
0.0019283
0.0016087
0.0017887
0.0016698
0.0018468
0.0035298
0.0013093
0.0024392
0.0034185
0.0024538
0.002547
0.0028816
0.0030338
0.0016669
0.0031158
0.0012993
0.0007849
0.003099
0.0017226
0.0016592
0.00094235
0.0024365
0.00078667
0.00082962
0.0012201
0.0012258
0.0015198
0.0010921
0.0010609
0.0021036
0.0021384
0.0010602
0.0013258
0.0019703
0.0025292
0.0022389
0.0012101
0.0023397
0.0032537
0.0013603
0.0022439
0.0022805
0.0014801
0.0022978
0.0022568
0.0018388
0.0019275
0.0028969
0.0014535
0.0025234
0.001078
0.0017918
0.0045372
0.001333
0.0010414
0.0029858
0.0014582
0.0011337
0.001048
0.00078593
0.0011628
0.0025952
0.0027669
0.0014885
0.001182
0.0014589
0.0023604
0.0027086
0.0028614
0.0023265
0.0017447
0.0009719
0.0024607
0.0016371
0.001377
0.0010546
0.0024338
0.0022349
0.0010214
0.0027176
0.0019218
0.0014825
0.0014997
0.0024296
0.0015382
0.0016638
0.001439
0.0014464
0.0011794
0.0019401
0.0020029
0.0015097
0.0025586
0.0013828
0.0017905
0.001324
0.0027036
0.0016554
0.00069559
0.0010735
0.0012436
0.0027628
0.0027635
0.0021755
0.0025925
0.0016146
0.0013124
0.0018772
0.0023426
0.00089223
0.0014905
0.001384
0.001128
0.0025181
0.00086554
0.0031559
0.0012021
0.0013058
0.0022296
0.0011954
0.0014277
0.0016801
0.0012137
0.00089444
0.0018838
0.0014433
0.0014847
0.0013115
0.0014884
0.0015458
0.0026509
0.0010369
0.0023689
0.0021699
0.0020792
0.0009577
0.0018163
0.00085335
0.0012708
0.0019468
0.0015754
0.0035124
0.0015601
0.0012972
0.0028909
0.0014232
0.0017103
0.0016318
0.002218
0.0017749
0.0011163
0.0015309
0.0028445
0.0036559
0.0015462
0.0030262
0.0011685
0.0013431
0.0013961
0.0023741
0.0024094
0.0010083
0.0032808
0.0012862
0.0026247
0.00082144
0.003004
0.0021333
0.0021686
0.0021317
0.0015619
0.00065353
0.0014521
0.00074039
0.0032903
0.0027752
0.0022081
0.0024081
0.0007854
0.0010599
0.0026086
0.0023928
0.0020371
0.0040125
0.0014942
0.0024909
0.0012584
0.0028685
0.0015858
0.0025546
0.0037525
0.0019448
0.0026156
0.0022459
0.0011718
0.0017542
0.0011985
0.0017607
0.0016628
0.0025163
0.0031709
0.0014663
0.0014443
0.0024518
0.00075487
0.0013123
0.0011865
0.0021446
0.0020597
0.0025766
0.0013122
0.0029113
0.0029293
