-0.044252,-0.0063168,-0.15409,-0.20562,0.13911,-0.099976,0.095137,-0.044487,0.2012,-0.0047849,-0.10811,0.072307,0.0046002,-0.04023,-0.15595,0.042343,-0.030689,0.047757,-0.10359,0.10536,-0.034546,0.055538,-0.0015415,-0.020665,0.1336,0.15168,-0.1137,0.049695,0.1641,-0.22943,-0.093626,-0.061203,-0.058292,0.12234,0.16619,0.11276,0.10905,-0.16975,-0.085338,0.0075882,-0.062216,0.016439,-0.030145,0.054182,-0.15433,0.036422,-0.043553,0.075437,-0.23312,0.090356,-0.022162,-0.012172,-0.13168,0.00091897,0.0034642,0.012465,0.09278,-0.10414,0.084021,-0.076239,-0.22672,0.031974,0.011327,0.028563
0.080368,-0.077385,-0.029622,-0.098562,-0.0083437,-0.021558,0.062334,0.052059,0.0084141,0.041616,0.042327,0.086582,-0.02962,-0.090955,-0.14781,-0.032313,-0.029428,-0.023274,-0.043884,0.016905,0.044242,-0.014885,-0.0059409,-0.047956,0.015989,-0.1192,-0.23112,-0.075987,-0.1766,-0.13985,-0.078943,-0.073497,-0.0094271,-0.092656,0.14312,0.14194,-0.040906,-0.13517,0.038249,-0.068192,-0.059739,0.12388,0.14152,0.096655,-0.008367,0.1425,0.090229,-0.14971,-0.044494,-0.022371,0.0059943,-0.11924,-0.084289,-0.073975,0.11084,-0.058764,-0.040859,-0.14459,-0.038293,0.13046,-0.061345,0.09661,-0.0089881,-0.086303
0.094651,-0.11178,0.099071,0.01296,-0.08813,0.010641,0.0030082,0.18892,-0.035449,0.29078,0.06641,0.038617,-0.017556,-0.082819,-0.112,-0.036106,0.040439,0.020904,-0.041788,0.0029637,-0.056231,-0.099403,-0.20416,0.024637,0.056096,-0.07685,0.029433,0.1107,-0.25713,-0.08354,-0.026534,0.056909,0.13037,0.039909,0.066234,0.0081158,-0.15232,-0.065793,-0.20091,-0.011982,0.025354,0.14362,0.12715,-0.064881,-0.066817,-0.052689,0.12848,-9.3849e-05,-0.017156,-0.095722,-0.046656,-0.11011,-0.17352,0.024588,-0.05503,-0.011594,-0.014751,0.12057,-0.031955,-0.11315,0.063527,-0.0028809,-0.15812,0.0050645
0.12816,-0.1122,-0.083098,0.032942,0.013012,-0.025221,-0.053157,-0.024056,0.0072258,0.12191,0.05632,-0.046122,-0.001139,0.062688,-0.093854,-0.032041,-0.0087992,-0.098949,-0.031792,0.043847,-0.10745,-0.090431,-0.10992,0.1027,0.10476,0.0532,0.078455,-0.11592,-0.0052703,-0.070363,0.036708,-0.049264,0.20065,-0.083342,-0.038828,0.0098097,-0.063822,0.060066,-0.15424,0.040662,-0.13734,-0.010551,0.051923,-0.074201,-0.14719,-0.062696,-0.064945,0.08234,-0.007755,-0.057198,0.078871,0.10115,0.064076,-0.077432,0.009697,-0.1823,0.12422,0.12239,0.0079751,0.025216,-0.074,-0.18701,-0.032538,0.14113
0.051071,-0.082435,-0.17487,0.02267,0.14559,-0.055467,-0.057048,0.023276,-0.033823,-0.065176,0.027871,-0.09924,0.023426,0.063676,-0.14654,-0.11498,-0.11104,-0.17983,0.039595,0.084637,0.037718,0.0099245,-0.090947,0.10728,0.084585,0.076888,-0.087055,-0.077719,0.051307,-0.11388,0.16054,-0.11796,0.059113,0.11561,-0.11851,-0.097169,-0.04162,0.16211,0.027244,0.046816,-0.026823,-0.068405,0.059728,0.12417,-0.17297,0.059523,-0.21595,-0.062625,0.0039228,0.122,-0.04019,-0.021862,0.023844,0.019277,-0.079036,0.056965,-0.13147,0.053841,0.1057,-0.017042,0.017545,-0.14899,0.17978,-0.044946
0.12514,-0.086367,-0.10255,-0.019805,0.021267,0.011306,-0.031527,0.035849,-0.074651,-0.093689,0.036578,0.066798,0.061797,0.013645,-0.13694,-0.10156,-0.082483,0.020113,0.11846,0.0054452,0.079968,-0.065599,0.0020297,0.068318,-0.064244,0.018975,-0.20193,-0.029287,-0.092447,-0.069982,0.083464,0.047618,-0.14948,0.04686,-0.13333,-0.087577,-0.090374,0.058302,0.019939,0.077792,0.013454,-0.034091,-0.086242,0.16691,-0.0017405,0.18071,-0.041702,-0.0044697,0.10287,-0.017109,-0.21162,-0.14586,0.0040259,-0.039211,0.063915,0.068794,0.088684,0.033408,-0.023925,0.04049,0.17917,0.076598,0.10353,0.04163
0.15773,-0.09637,-0.069004,-0.018788,-0.063717,0.043623,-0.040343,-0.03099,-0.048186,0.036218,0.013236,0.12951,0.070122,0.02053,-0.087106,0.013742,-0.0045907,0.15866,0.089103,-0.048069,-0.014992,-0.17691,0.0039224,0.040389,-0.033469,0.070655,-0.049231,0.039902,-0.060226,-0.024916,-0.07213,0.16132,-0.14516,0.010199,-0.14149,-0.046895,-0.14482,-0.015082,-0.064381,0.09026,-0.13487,-0.10606,-0.10289,-0.051133,0.092648,0.097945,0.09255,-0.011841,0.02077,-0.069163,-0.0062087,-0.12818,0.093488,0.068501,-0.14907,0.059579,0.048702,0.17155,0.044218,0.073767,0.063415,0.0040109,-0.084154,-0.041029
0.12245,-0.078576,-0.11795,-0.078537,0.015457,-0.0070409,-0.050115,-0.12031,0.053326,0.067578,-0.030543,0.074305,0.065363,0.028371,-0.07162,0.063458,0.033535,0.078959,0.021592,-0.012349,-0.089533,-0.1429,-0.020053,0.028294,0.08539,0.15277,0.050715,-0.048571,0.077997,-0.068329,-0.13599,0.071634,-0.060322,-0.046986,-0.053469,-0.013127,-0.048486,-0.12651,-0.046606,0.10258,-0.031073,-0.13702,-0.0097724,-0.14357,-0.054345,-0.1223,0.05243,0.018434,-0.0031852,0.077679,-0.062381,-0.095265,0.14636,-0.053997,-0.16661,-0.10787,-0.030926,-0.070787,-0.03883,-0.081727,-0.10004,-0.13438,-0.10841,-0.074628
-0.067758,0.021747,-0.18181,-0.056864,0.14604,0.089105,-0.12336,-0.11068,0.025794,-0.010194,0.087368,0.10387,-0.0063826,-0.061865,0.0056525,0.038292,-0.20444,-0.11384,-0.054615,-0.11066,-0.044548,-0.009358,0.036149,-0.18001,0.050735,-0.101,0.094084,0.033727,-0.01798,-0.11128,0.083896,-0.10142,0.072346,0.18112,0.030903,0.1468,-0.15467,0.10814,0.026491,-0.048961,0.067329,0.13414,-0.10997,-0.088347,0.02899,-0.10353,-0.14601,-0.046805,-0.037116,-0.056752,0.028552,0.041887,-0.10833,-0.06052,-0.00077635,-0.079302,0.10251,0.09307,0.11207,0.0085538,0.2183,0.10915,-0.022279,-0.065163
0.004964,-0.010061,-0.011899,-0.12499,0.078322,0.09662,0.021965,0.041782,-0.05725,0.037071,0.056948,0.10782,-0.00070781,-0.09301,-0.013566,-0.1073,-0.047889,-0.12871,-0.053321,-0.096467,0.16836,-0.098412,0.032826,-0.16364,0.0062066,-0.19708,-0.05753,-0.16466,-0.09877,-0.075288,0.0063943,-0.067068,-0.0023127,-0.058393,0.051443,0.071663,0.024465,0.10067,0.009673,-0.15594,0.028695,5.4345e-05,0.11321,-0.10496,0.1332,0.081854,-0.16371,-0.051346,0.069465,0.03085,0.049845,-0.05696,0.073421,0.12769,0.06968,-0.17175,-0.045182,0.0068514,0.0036596,0.074019,-0.084968,-0.07825,0.05707,0.068864
0.0069933,-0.056744,0.16152,-0.11013,-0.06463,0.081589,0.022397,0.24645,0.0058848,0.28068,-0.0054621,0.039497,0.032612,-0.10059,-0.067567,-0.15423,0.030029,-0.049452,-0.053049,0.033982,-0.033358,-0.035247,-0.12399,-0.082822,0.063579,-0.046188,0.046577,0.0054065,-0.14027,-0.03674,0.043782,0.072824,0.014599,0.07226,0.12169,-0.056059,0.11888,0.077898,-0.043832,0.070636,0.09155,0.08004,0.0658,-0.020701,0.013384,-0.032664,-0.02643,0.030707,0.10347,0.086669,-0.014559,0.026385,0.034821,0.15473,0.0075016,0.16186,-0.026342,-0.074812,0.044053,-0.075805,0.0032798,-0.026351,0.10059,-0.0094267
0.033465,-0.088156,-0.057338,-0.0098797,-0.079181,0.082294,-0.003252,0.00051804,0.094491,0.11029,0.1012,-0.015368,-0.015406,0.0061364,-0.11479,-0.072969,0.003506,-0.1029,-0.126,0.051006,-0.22192,0.04693,-0.0096417,0.039252,-0.062736,0.054867,0.090193,-0.17505,-0.075261,0.021441,0.07307,-0.062052,0.0335,-0.052878,0.066752,-0.054299,0.11984,-0.038787,0.084327,0.13342,-0.17155,0.14122,-0.077312,-0.021282,0.033959,-0.047862,-0.012444,0.08399,0.032459,-0.056919,0.055281,0.11363,0.23628,-0.088812,0.13946,0.085056,0.051989,-0.055669,0.023852,0.075346,-0.010666,0.14478,-0.0060443,-0.023655
-0.042946,-0.069567,-0.21404,0.097179,0.050213,0.072513,0.087298,-0.018486,0.02773,-0.033287,0.17178,-0.049039,-0.044162,0.0048784,-0.14581,-0.028894,0.0407,-0.04034,-0.22844,-0.033671,-0.0051931,0.050465,-0.0076856,0.076277,-0.21937,0.078827,0.086275,-0.02316,0.0035493,-0.01979,0.022427,-0.095986,-0.10214,0.20735,-0.09361,-0.087774,0.025059,-0.13889,0.119,-0.047324,-0.0005453,0.045447,-0.057275,-0.13188,0.14953,-0.11594,-0.081891,-0.012925,-0.094087,0.025426,-0.047525,-0.11878,0.03117,0.027667,-0.049941,0.041728,-0.15569,-0.026449,0.091884,0.088018,0.0037759,0.13148,-0.13674,-0.0018813
0.043976,-0.036329,-0.11177,-0.018336,0.053206,0.11787,0.08846,0.04491,-0.065696,-0.10614,0.039331,0.0091767,0.10956,0.010053,-0.090978,-0.13078,0.088063,0.14072,-0.045054,-0.069591,0.15726,-0.049392,0.060013,0.030309,-0.17617,0.045106,-0.0073017,-0.010061,-0.015373,-0.048126,0.021583,0.093867,-0.17198,0.062507,-0.047295,0.016867,0.11658,-0.045409,-0.097232,-0.087893,0.13466,-0.0057312,-0.069472,-0.083635,0.093068,-0.039548,-0.057581,0.042712,0.043372,0.024509,-0.078712,-0.043364,-0.087312,0.045361,0.068781,-0.14035,0.22971,-0.05409,-0.084968,-0.10031,-0.095554,0.050692,0.020601,-0.034494
0.083666,-0.049227,-0.044273,-0.08974,-0.05409,0.13337,-0.013891,0.030579,-0.025635,-0.037781,-0.08155,0.057923,0.18425,0.046408,-0.041169,-0.11935,-0.0027567,0.20924,0.083695,0.0081894,-0.010381,-0.10676,0.071618,0.0040695,-0.002176,0.044325,0.055241,0.032195,-0.036303,-0.0038755,0.075193,0.19477,-0.13434,0.026513,-0.0041328,0.054084,0.14499,0.069323,-0.014345,0.092,-0.065589,-0.056637,-0.056828,-0.041667,0.026499,0.028103,0.015629,-0.045759,0.048709,-0.030533,0.22664,0.034671,-0.037665,0.19583,0.040063,0.094273,0.054894,-0.07868,0.070182,-0.0090021,-0.069247,0.0083659,0.014979,0.0036166
0.05261,-0.043109,-0.11981,-0.048124,-0.023317,0.11643,-0.14501,-0.082516,0.03993,0.0063646,-0.0074671,0.073808,0.10469,0.012755,-0.014662,-0.011799,-0.14873,0.091291,0.044692,0.017197,-0.18434,-0.058368,0.060045,-0.060785,0.081996,0.017191,0.10731,-0.014709,-0.031875,-0.0083367,0.077892,0.080672,-0.02479,-0.0061479,0.0037754,0.1266,-0.048461,0.034795,0.13982,0.18898,0.055226,0.01496,-0.077516,-0.059686,-0.097699,-0.1694,0.082401,-0.02166,-0.0271,0.0095295,0.058539,-0.036298,-0.0027045,-0.0012707,0.13176,0.063865,-0.14817,-0.12194,-0.038235,0.035695,0.10036,-0.005476,0.059853,0.058175
-0.043105,0.072727,-0.21432,0.091377,-0.07033,0.056576,-0.063235,-0.013139,-0.038981,-0.039038,0.054407,0.16591,-0.065945,-0.023447,0.14138,-0.03598,-0.050298,-0.06894,-0.090718,0.2025,0.043018,-0.047475,-0.03271,0.1005,-0.056226,-0.20362,0.090614,-0.0020006,0.0068694,0.040702,-0.053016,-0.080219,0.090081,0.20928,0.091993,-0.084106,0.061137,-0.070182,-0.17524,0.032096,-0.023358,-0.071345,0.062648,0.1581,0.13568,-0.091219,0.047694,0.0040251,0.083765,-0.026397,-0.083018,0.082463,0.07266,-0.017908,-0.056683,0.087476,0.15159,-0.0077408,0.10416,-0.083328,-0.023399,-0.0013074,-0.20166,-0.0074646
0.030911,0.091536,-0.047549,-0.01589,0.06719,0.089048,0.012643,0.0012844,-0.086705,0.11638,0.04934,0.091782,-0.022808,-0.012743,0.11641,-0.073085,-0.016554,-0.07979,-0.087409,0.052141,0.24936,-0.017325,-0.028798,0.041295,0.01763,-0.078451,0.10187,-0.18002,0.05592,0.0039437,-0.10173,-0.0066179,-0.024344,-0.059051,-0.081634,-0.031081,0.13095,-0.005716,-0.043377,-0.19507,-0.078779,-0.15847,0.07538,0.032638,0.012226,-0.031242,-0.0024397,0.083353,-0.067893,-0.012659,0.086949,-0.17771,0.20102,-0.083181,0.12891,0.081477,-0.064862,-0.0097264,0.022,-0.060516,-0.061092,-0.077624,-0.085026,0.012535
0.0061392,0.059041,0.16081,-0.1041,0.059155,0.091246,-0.030702,0.24887,0.0011373,0.2788,0.04341,-0.028601,0.022059,-0.1094,0.057573,-0.14769,-0.039383,-0.042171,-0.048399,0.018796,0.035128,0.10663,-0.090491,-0.076635,-0.0092081,0.075746,0.0425,-0.0059543,0.13748,0.010248,-0.0056613,0.10716,-0.0033696,0.070062,-0.13774,-0.042858,0.084041,0.046192,0.090413,-0.029515,0.11717,-0.057456,-0.082847,0.036044,0.024755,-0.026004,0.013706,0.037526,-0.058368,0.14542,-0.0099394,-0.030078,0.023994,-0.16042,-0.14011,0.061317,0.019641,0.00918,0.036743,0.054396,-0.007079,-0.039866,0.10865,0.01156
0.0035754,0.011508,-0.020092,-0.12472,-0.09606,0.079817,-0.012846,0.043162,0.061623,0.028706,0.12359,-0.021767,-0.0045121,-0.088197,0.0019197,-0.10191,0.058395,-0.16824,0.025628,0.092361,-0.145,0.091975,0.080978,-0.15836,-0.14355,0.094026,-0.076866,-0.16369,0.096684,0.10236,-0.042332,-0.025973,0.0092659,-0.050651,-0.04012,0.079879,0.0059764,0.091002,0.043502,0.15267,-0.052747,0.0021274,-0.079886,0.12131,0.16392,0.10156,0.15397,-0.0087256,-0.049163,0.048655,0.02265,0.077404,0.083244,-0.032107,9.6957e-06,-0.19179,0.067489,0.095214,0.0037161,-0.093165,-0.023991,0.051059,0.089933,-0.076166
-0.071034,-0.017254,-0.17977,-0.070553,-0.15886,0.051438,0.13832,-0.1166,-0.012747,-0.00065922,0.11968,0.011088,0.014303,-0.046576,-0.0041157,0.043496,0.19837,-0.1411,0.045404,0.10145,0.058461,0.022751,0.043473,-0.18616,-0.025022,0.096369,0.090078,0.039809,0.034137,0.12196,-0.086766,-0.019727,-0.089171,0.18594,-0.0031207,0.16368,-0.13083,0.11554,-0.014426,0.079334,0.068139,-0.13354,0.11974,0.10439,0.021619,-0.076886,0.14494,-0.01668,0.029609,-0.084256,0.023295,-0.02529,-0.11535,0.073132,0.042272,-0.061039,-0.088425,-0.038717,0.13412,0.04183,0.12084,-0.1624,-0.11863,0.063775
0.052033,0.051677,-0.11343,-0.052427,0.0090556,0.10792,0.1477,-0.08495,-0.03041,0.016431,0.045576,-0.044105,0.12638,0.023021,0.033971,-0.00032914,0.1394,0.11635,0.036117,-0.027791,0.16242,0.064352,0.074939,-0.061234,0.075552,0.05173,0.11041,-0.0073209,0.019132,-0.018744,-0.026144,0.11016,0.035826,-0.014678,0.013011,0.13503,-0.030739,0.089622,-0.10803,-0.14699,0.116,0.0070778,0.057232,0.070511,-0.12505,-0.16174,-0.040035,-0.031377,0.040263,0.0091697,0.046037,0.025299,0.019439,-0.14765,0.085908,0.10251,0.14171,0.067776,-0.046313,-0.015204,0.076322,-0.08219,0.035754,-0.044211
0.082059,0.054724,-0.044098,-0.08323,0.03298,0.13888,0.011661,0.036184,0.017742,-0.041111,-0.00015447,-0.09516,0.18487,0.040272,0.066103,-0.11011,-0.0026024,0.21649,0.064124,-0.031539,-0.024057,0.091924,0.10809,0.018092,0.023716,-0.029423,0.046697,0.040465,0.017251,-0.057372,0.0057393,0.19359,0.15884,0.024701,-0.0069211,0.046337,0.1069,0.03667,0.078143,-0.10993,-0.026069,0.071477,0.063595,0.057897,0.02316,0.027368,-0.0081644,-0.039953,-0.048665,0.016892,0.22397,0.025555,-0.041506,-0.19724,-0.12592,-0.010437,-0.057457,0.04866,0.068273,-0.015222,-0.054943,0.035392,0.027839,-0.0032835
0.041927,0.042219,-0.11874,-0.012171,-0.07647,0.10484,-0.077732,0.057216,0.047601,-0.11871,0.029199,0.025028,0.085386,-0.014031,0.098651,-0.13303,-0.08316,0.099955,0.035551,0.10862,-0.15969,0.013894,0.074339,0.056292,-0.072509,-0.17004,-0.017884,0.0080358,0.015427,0.020542,0.01918,0.082069,0.18611,0.069374,0.046098,0.0037649,0.086264,-0.093962,0.067545,0.13653,0.094399,0.019976,0.075413,0.10312,0.098639,-0.026057,0.039773,0.048859,-0.020117,0.030756,-0.096828,0.05595,-0.092386,-0.020764,0.06495,-0.10957,-0.20925,0.11902,-0.063939,0.060154,-0.13902,-0.010273,0.0080809,0.05111
0.047942,0.085214,-0.17382,0.013675,-0.13001,-0.090258,0.056735,0.026578,0.018312,-0.066964,-0.077834,0.066449,0.014552,0.046528,0.14494,-0.12831,0.097161,-0.16772,-0.093347,-0.11273,-0.013078,0.023017,-0.084525,0.10822,0.1097,0.032905,-0.070116,-0.051114,-0.051586,0.12954,-0.18905,-0.0056915,-0.06862,0.12995,0.11586,-0.10029,-0.03571,0.15363,0.046642,-0.066833,-0.023416,0.067188,-0.076321,-0.13045,-0.12495,0.032462,0.24306,-0.0018583,0.045225,0.10396,-0.049041,0.022455,0.040664,0.050832,-0.10477,0.024311,0.12137,-0.062252,0.096299,0.0003787,0.072149,0.0047451,0.23032,0.050232
0.12454,0.11911,-0.076097,0.030847,-0.0010321,-0.032386,0.050455,-0.018982,0.00094616,0.123,-0.0062762,0.075556,-0.014626,0.046038,0.1018,-0.031129,-0.00050697,-0.077341,-0.048043,-0.024893,0.11934,0.12916,-0.06549,0.11617,0.09086,0.060046,0.076804,-0.10786,-0.001327,0.080287,-0.043916,0.007603,-0.20353,-0.090216,0.042773,0.0076653,-0.094807,-0.027566,0.16334,-0.083891,-0.09251,-0.010862,-0.053172,0.093777,-0.13148,-0.041036,0.069959,0.089046,-0.0014953,-0.080979,0.091644,-0.085837,0.029011,0.15096,0.092625,-0.17353,-0.12065,-0.00087558,-0.022317,-0.022361,0.055392,0.17035,0.090426,-0.13383
0.093109,0.11635,0.097622,0.020086,0.083396,0.01891,-0.0050284,0.19728,0.042818,0.28211,0.076477,0.039462,-0.036872,-0.097195,0.10325,-0.033513,-0.029414,0.021563,-0.0064848,0.027445,0.043997,0.15845,-0.14495,0.042274,-0.039605,0.1064,0.016155,0.096913,0.26733,0.062219,0.077968,0.084024,-0.14148,0.02976,-0.051619,0.020638,-0.16668,-0.12902,0.10363,0.045503,0.037854,-0.14352,-0.12503,0.048297,-0.077608,-0.03504,-0.12361,-0.032283,-0.017213,-0.11969,-0.067855,0.13176,-0.16004,0.02431,-0.040719,-0.058183,0.019759,-0.083013,-0.033533,0.14744,0.052977,0.051997,-0.11813,-0.0025325
0.076734,0.079334,-0.033037,-0.10061,0.010909,-0.024022,-0.06137,0.051885,-0.0082694,0.03417,0.09939,-0.022142,-0.040722,-0.10353,0.13037,-0.032475,0.042765,-0.032498,-0.051327,0.017854,-0.02938,-0.0066441,0.0073328,-0.049411,-0.071522,0.070034,-0.23353,-0.084801,0.17188,0.17549,0.052194,-0.040503,0.010734,-0.090414,-0.13113,0.16537,-0.01065,-0.085411,-0.090119,0.031347,-0.088228,-0.10809,-0.12747,-0.14341,-0.0060122,0.14069,-0.051436,-0.16367,0.018983,-0.048251,-0.0088003,0.12879,-0.059837,-0.056101,0.16028,0.051874,0.047981,0.11669,-0.029364,-0.15954,-0.065272,-0.015044,-0.070128,0.094496
-0.052136,0.0051643,-0.14993,-0.21425,-0.10682,-0.11807,-0.10751,-0.060412,-0.19857,0.011392,0.0091252,-0.13314,0.0065709,-0.053761,0.14855,0.049905,-0.00065072,0.058246,-0.14853,0.025265,0.047864,-0.047546,-0.019875,-0.016583,0.19941,0.018642,-0.099723,0.067446,-0.15999,0.23768,0.090855,-0.045705,0.06116,0.12962,-0.17345,0.11048,0.085627,-0.20133,0.040726,-0.047464,-0.031303,-0.0030893,0.0096689,-0.064205,-0.1372,0.042607,0.045019,0.078349,0.25247,-0.032076,-0.039862,0.026608,-0.11269,-0.027364,-0.0029082,0.058772,-0.087432,0.065529,0.086878,0.015311,-0.22065,0.11933,0.055491,-0.035484
0.12147,0.086576,-0.11369,-0.074722,-0.0073464,-0.015222,0.046297,-0.11593,-0.032597,0.071467,0.042556,-0.057676,0.065196,0.01671,0.087167,0.078148,-0.037246,0.09115,0.051739,-0.014345,0.063536,0.14497,0.025554,0.052053,0.16154,-0.026195,0.032166,-0.032931,-0.08609,0.055313,0.16099,0.0087688,0.063876,-0.06177,0.066361,-0.036058,-0.07516,-0.13165,-0.022058,-0.10187,0.0018442,0.11419,-0.0056616,0.16006,-0.056164,-0.10912,-0.050402,-0.0059518,0.020107,0.045434,-0.093074,0.062059,0.16166,0.18994,-0.043659,0.041277,0.015625,0.11262,-0.059489,0.061189,-0.014875,0.18972,0.0067374,0.081788
0.15518,0.10432,-0.06789,-0.011295,0.0497,0.046394,0.044864,-0.019361,0.055466,0.027763,0.10682,-0.056382,0.071289,0.0082462,0.10273,0.026071,0.022485,0.15591,0.10973,-0.027775,-0.022343,0.14732,0.055709,0.06943,0.029616,-0.070969,-0.071073,0.052134,0.051565,-0.017652,0.13679,0.10023,0.13815,-0.0020899,0.15149,-0.07163,-0.15289,-0.03553,0.018398,-0.12497,-0.086824,0.071206,0.12841,0.023849,0.066485,0.076906,-0.12324,-0.029116,-0.06709,-0.064936,-0.032416,0.10751,0.11781,0.054196,-0.15377,-0.041522,-0.061979,-0.16117,0.045601,-0.030649,0.091987,0.011255,-0.098743,0.01241
0.1208,0.091544,-0.10559,-0.017563,-0.028911,-0.0034089,0.03852,0.04582,0.064377,-0.10272,0.062615,-0.014084,0.057783,-0.0017638,0.13925,-0.10408,0.10088,0.012758,0.035977,-0.0976,-0.087293,0.03128,0.016973,0.080377,-0.016316,-0.065974,-0.2005,-0.0084376,0.087097,0.054085,-0.063013,0.087645,0.14436,0.055341,0.13847,-0.094834,-0.070434,0.075077,-0.01699,-0.06359,0.032262,0.031764,0.089796,-0.21717,-0.00093919,0.12731,0.033103,0.015295,-0.11845,0.025092,-0.22821,0.080396,0.02444,-0.047424,0.064121,0.028304,-0.089139,-0.078835,0.0025425,-0.00022908,0.0879,-0.20505,0.0093805,-0.048735
-0.14211,-0.034274,-0.067936,-0.22219,0.16516,-0.15156,0.12379,0.055645,0.2392,0.0094784,-0.12305,0.1021,-0.044013,-0.0040611,-0.10939,0.036923,-0.01056,0.037821,-0.069778,0.11604,-0.0083287,0.047583,0.040679,0.014555,0.090959,0.022961,-0.11464,0.10439,0.13557,-0.056435,-0.055656,0.03378,-0.0043482,-0.017189,0.098411,-0.051744,0.12223,-0.076788,-0.028871,-0.026372,0.026193,-0.02121,0.0077306,0.058393,0.059716,0.050137,0.048156,0.09765,0.1201,-0.030042,0.056722,0.068187,0.01203,0.064401,-0.0046514,0.055589,0.0039197,0.12589,-0.07823,-0.014787,0.17998,-0.015084,-0.03393,0.08586
0.027723,-0.10658,0.035511,-0.061891,0.0001937,-0.052216,0.065732,0.11219,0.018508,-0.041767,0.085302,0.15007,-0.09055,0.05953,-0.069174,0.044763,-0.1675,0.01978,0.0039938,-0.054105,0.10202,0.031659,0.15386,-0.044868,0.085882,-0.15803,-0.22473,-0.0072388,-0.021961,0.026449,-0.15503,-0.047134,-0.055284,-0.14082,0.040912,0.091518,-0.010802,-0.065857,0.20462,0.0070975,-0.0067749,-0.049601,-0.024445,0.10315,0.028722,-0.10071,0.089512,-0.09923,0.023483,-0.026724,0.031619,0.098595,0.078218,-0.11938,-0.096067,0.10564,-0.025036,-0.059008,-0.021672,0.14246,0.032626,-0.10506,-0.067127,-0.036954
0.088854,-0.13371,0.0971,0.06367,-0.10501,-0.013426,-0.017866,0.062496,-0.021121,0.10716,0.041745,0.0758,-0.077472,0.20374,-0.0073779,0.11063,-0.084354,0.026965,-0.002671,-0.068214,0.059164,-0.13174,0.11268,0.019446,0.15096,-0.13129,-0.038617,0.15855,0.064469,0.077339,-0.15858,-0.059427,-0.010634,0.1218,0.018498,0.15481,-0.13253,-0.0096541,-0.023136,-0.063493,0.094108,-0.091468,-0.13882,0.04772,0.10227,0.0076745,0.029683,-0.013116,-0.21121,0.046898,-0.040742,0.051435,0.029655,-0.084597,0.044447,-0.017237,-0.14259,0.050711,0.093895,-0.15675,-0.003902,0.1066,0.098988,-0.057856
0.068802,-0.14307,-0.051063,0.064721,0.012638,-0.051539,-0.088637,-0.034764,0.018709,0.08709,-0.034239,-0.0849,0.00093053,0.20924,0.014567,0.0020516,-0.015896,-0.072,0.027176,0.055796,0.0025859,-0.16202,-0.024838,0.01237,0.1586,-0.03631,0.03981,-0.014795,0.17547,0.036066,-0.02563,0.022875,0.096685,-0.12338,0.013048,0.11578,-0.041309,0.10584,-0.1315,-0.079711,0.011585,-0.11741,-0.012219,-0.034593,0.13631,0.049053,0.036124,0.099555,-0.038916,-0.010116,0.06742,0.096794,-0.11627,-0.0040468,0.019005,-0.15024,0.092565,-0.045573,-0.068361,0.15721,-0.0064271,0.10946,0.015249,0.071158
-0.029461,-0.11492,-0.12957,0.067919,0.18853,-0.083876,-0.068366,0.13435,-0.062696,-0.073003,-0.032453,-0.15762,0.03183,0.090916,-0.10884,-0.11477,-0.073179,-0.15177,0.1184,0.1044,0.058903,0.041229,-0.084931,0.042807,0.073953,0.039542,-0.039531,0.087121,0.081786,0.0081833,0.13915,-0.0085226,0.047555,-0.032373,-0.045216,-0.046615,0.015601,0.12843,0.013019,-0.029203,0.085138,-0.080128,0.11481,0.020104,-0.032572,-0.0017089,0.12835,-0.088573,0.04461,0.068609,0.11507,0.04675,-0.06504,0.11825,-0.027807,0.028188,-0.10214,-0.042301,-0.1238,-0.062238,-0.035343,0.017931,-0.11882,-0.10764
0.063116,-0.11693,-0.058402,0.027178,0.037664,0.023842,-0.024461,0.15907,-0.11969,-0.11651,-0.0087698,0.027485,0.03508,-0.020573,-0.16558,0.051767,-0.014787,0.020595,0.12624,-0.045676,0.11149,0.14099,-0.096879,0.077939,-0.12133,0.043436,-0.13083,0.076747,-0.069323,0.1201,0.050292,-0.10822,-0.0091066,-0.038543,-0.082942,-0.066472,0.00030898,0.074868,-0.010383,-0.03806,0.091017,0.098125,-0.025803,0.16286,-0.070894,-0.061135,0.088984,0.13083,-0.025583,-0.11473,-0.039313,0.096602,-0.010474,-0.17139,0.12575,0.0022767,0.035891,-0.070252,-0.052154,-0.094849,-0.0012283,0.026785,-0.084173,0.17252
0.10621,-0.12442,-0.018795,0.0083852,-0.083599,0.051199,-0.037209,0.017814,-0.060784,0.043521,-0.076957,0.08765,0.0043747,0.0023437,-0.10201,0.21127,0.11771,0.060674,0.02902,-0.086818,0.043254,0.010875,-0.11038,0.047862,-0.16708,0.070586,-0.066875,0.07273,0.013544,0.15691,-0.083007,-0.09877,0.072596,0.054788,-0.084649,-0.13109,-0.053032,0.06244,-0.016768,-0.11563,-0.13629,0.1016,0.023715,0.12264,0.11476,0.0037603,-0.083372,0.016917,-0.12614,-0.036458,0.071262,0.1659,-0.037608,-0.03881,-0.010032,0.094829,-0.060835,0.17674,0.083965,0.10571,-0.096064,0.0064704,0.079555,-0.037933
0.046546,-0.10953,-0.066305,-0.095031,0.0089448,-0.025719,-0.042702,-0.075884,0.091014,0.11475,-0.12741,0.041144,0.014492,0.044078,-0.057336,0.14158,0.18256,4.616e-05,-0.0069448,0.00029259,-0.023395,-0.1022,-0.078469,0.063383,-0.046576,0.06327,0.027615,-0.033083,0.10923,0.066606,-0.12644,-0.012888,0.071249,-0.067967,-0.037328,-0.17546,-0.0043433,-0.11174,0.015573,-0.040293,0.097319,-0.040934,0.16236,0.0019124,0.15138,-0.082002,-0.12172,-0.09211,0.18114,0.1007,-0.055386,0.054298,0.04702,-0.085049,-0.049665,-0.12386,-0.1349,-0.0069594,-0.11671,-0.027743,0.035984,0.025981,0.103,-0.10145
-0.18714,0.016256,-0.084223,-0.034933,0.2,0.095981,-0.15372,-0.061924,-0.0052748,0.029198,0.061266,0.12774,-0.030107,-0.014587,0.021659,0.037181,-0.11359,-0.12557,0.014443,-0.20649,-0.024308,-0.025291,0.026095,-0.15057,0.00050968,0.010715,0.043331,0.16296,0.063115,-0.022008,0.050893,0.058017,0.013538,-0.033241,-0.017211,-0.075555,-0.11435,0.068828,-0.044716,-0.098263,0.020094,0.10181,-0.098992,-0.10257,0.0064159,0.09697,0.089898,0.090326,0.011775,-0.10075,0.020034,0.026841,-0.0093863,-0.037367,-0.12098,0.059842,0.0629,0.04089,-0.13026,-0.088881,-0.029581,0.057141,0.040843,-0.092175
-0.071297,-0.027327,0.078279,-0.063884,0.093442,0.096879,0.048002,0.071803,-0.12254,-0.092222,0.081594,0.19224,-0.024233,0.11654,0.060908,-0.045904,-0.043431,-0.076293,0.042247,-0.14401,0.14726,-0.12406,0.12008,-0.029636,-0.00047813,-0.084785,0.017228,-0.044266,0.078086,0.01611,0.083259,-0.04257,-0.0069254,-0.11569,-0.0032721,-0.10081,-0.029329,-0.048675,0.048206,0.072747,-0.11533,-0.081502,0.048967,-0.14017,-0.047671,-0.03241,-0.033238,0.13214,0.016465,0.068933,0.017064,0.11969,-0.05816,0.11884,-0.13757,-0.0573,-0.056875,0.047086,-0.071225,0.092262,-0.14198,-0.029167,-0.049797,0.16881
-0.014249,-0.07168,0.18465,-0.057175,-0.082539,0.074578,0.012504,0.12039,0.013361,-0.016581,-0.026336,0.067751,0.0038354,0.27879,0.0093173,-0.029255,-0.063093,-0.029794,0.0055893,-0.016922,0.035405,-0.089986,0.1825,0.07827,0.12997,-0.061168,0.084908,0.072029,0.0124,0.10967,0.081129,-0.12343,-0.084762,0.18718,0.084109,-0.063815,0.086031,-0.016508,-0.0063584,0.030769,0.05094,-0.084143,-0.070348,-0.011506,-0.081578,0.0094565,-0.11848,-0.048711,0.01592,0.060933,-0.095213,0.11373,0.024379,0.096907,0.10668,-0.035257,-0.058617,-0.014198,0.077543,-0.15094,0.025748,0.0012107,-0.04926,-0.01636
-0.047998,-0.10514,0.007195,0.047784,-0.083567,0.080662,-0.051682,-0.010358,0.16597,0.029244,0.056388,-0.085455,-0.010787,0.2294,-0.037675,-0.043001,-0.10066,-0.0075719,-0.13746,-0.022539,-0.12211,0.0134,0.065482,0.11844,0.07537,-0.047874,0.068138,-0.048926,-0.056893,0.1212,0.071064,-0.014588,-0.042002,-0.1499,0.042377,-0.015594,0.12142,-0.024807,0.0057857,-0.13266,-0.057304,-0.029111,-0.10142,0.011028,-0.021943,0.076782,-0.049516,-0.014809,0.054997,-0.21427,-0.029375,0.048906,-0.073397,-0.10451,0.058285,0.11514,0.12848,-0.058789,-0.066451,0.019608,0.072246,-0.081912,-0.0051243,-0.017419
-0.15083,-0.094076,-0.14196,0.16904,0.060746,0.078568,0.12004,0.051859,0.052186,0.019411,0.1317,-0.12839,-0.061249,0.038538,-0.081048,-0.0026813,0.037499,0.061073,-0.25216,-0.078992,-0.034573,0.030094,0.01039,0.045799,-0.10093,-0.023329,0.069789,0.14808,-0.001742,-0.0033258,0.021592,0.01286,0.018082,-0.077351,-0.026499,-0.012359,-0.022139,-0.12662,0.11179,-0.073619,0.044249,-0.021831,0.03754,-0.14461,0.0028152,0.050597,0.075663,-0.10638,-0.037697,-0.0391,0.082743,-0.031531,-0.032767,0.027283,-0.088077,0.12459,-0.11888,0.085412,-0.12775,0.033642,-0.021068,-0.074913,0.12429,0.11709
-0.044036,-0.059095,-0.037787,0.020988,0.041835,0.15622,0.17248,0.13665,-0.10619,-0.083883,-0.054063,-0.041031,0.044377,-0.069581,-0.083665,0.083841,0.16901,0.12442,-0.095437,-0.079206,0.086371,0.019712,-0.019649,-0.039382,-0.076036,-0.024062,0.064044,0.034037,0.045735,0.0085738,0.020511,-0.16043,0.0094106,-0.11099,0.10128,0.044873,-0.0098169,-0.074149,-0.093942,0.032646,0.072725,0.068127,-0.084327,-0.084352,-0.08481,-0.012508,-0.00060281,0.11725,0.074136,0.061408,-0.058531,0.15466,0.0041071,-0.0043958,-0.00049342,-0.22123,0.037295,-0.017515,-0.094002,-0.052529,0.062703,-0.011507,0.10229,-0.06566
0.0084572,-0.066997,0.040174,-0.088798,-0.069988,0.16535,-0.0057463,0.079991,-0.028925,-0.045398,-0.24415,-0.012793,0.099214,-0.030529,-0.057477,0.1425,0.075191,0.048687,-0.00013866,0.0026626,0.018593,0.024294,-0.059502,-0.087819,-0.031323,0.061171,0.067844,-0.00077608,0.012775,0.16254,0.05509,-0.22475,-0.080128,0.0070924,0.12924,-0.0086911,0.08634,0.093831,-0.0011551,-0.058802,-0.20542,0.029225,0.04156,-0.043577,-0.0032733,0.093578,-0.073207,-0.086861,-0.065318,-0.0043948,0.04339,0.16652,-0.018179,0.15241,-0.044185,0.01213,-0.026363,-0.045183,0.12699,0.073474,0.050488,-0.034838,-0.075514,-0.054412
-0.04714,-0.053791,-0.042383,-0.063951,0.0018261,0.146,-0.21326,-0.051967,0.078686,0.058785,-0.135,0.0073119,0.052124,-0.013176,-0.026325,0.12886,-0.059858,-0.026911,0.028586,-0.06772,-0.096656,0.031818,-0.017732,-0.13222,0.039241,0.129,0.055571,-0.0018717,-0.021996,0.15695,-0.033464,-0.047418,-0.10261,-0.091037,0.045389,-0.084093,0.0023999,0.071883,0.11654,-0.07091,0.14243,0.015323,0.10699,-0.071113,-0.044239,-0.0051238,0.042857,-0.092357,-0.065247,-0.01178,-0.1453,-0.041406,0.069322,-0.041802,0.092002,0.12503,-0.076019,-0.17534,-0.1223,-0.032801,-0.0089128,-0.018065,-0.023211,0.10967
-0.15266,0.092024,-0.14214,0.16264,-0.074757,0.067003,-0.10164,0.049251,-0.071316,0.015685,-0.028971,0.18331,-0.085347,0.020575,0.080049,-0.0047973,-0.045207,0.028658,-0.055438,0.26105,0.060523,-0.03628,-0.0095873,0.053148,-0.075059,-0.047011,0.066394,0.14766,0.012505,-0.013718,-0.0078778,0.012752,-0.019141,-0.080863,0.022827,-0.008107,0.0057584,-0.057486,-0.17465,0.083829,-0.0089092,0.034488,-0.035289,0.12605,-0.021033,0.067538,-0.0541,-0.11686,0.0079007,-0.04823,0.07192,0.057576,-0.013378,-0.0096959,-0.10135,0.072751,0.1043,-0.13818,-0.13704,-0.056829,0.014943,-0.027036,0.13721,-0.11355
-0.05117,0.10365,0.021641,0.034632,0.076416,0.084519,0.056872,-0.016489,-0.16342,0.030068,-0.029695,0.10153,-0.0086463,0.22584,0.077468,-0.038249,0.082632,-0.010977,-0.045978,0.11987,0.13602,-0.029292,0.058603,0.1055,0.011565,0.10722,0.063116,-0.06759,0.037027,-0.11538,-0.095816,-0.020075,0.061697,-0.13898,-0.05678,-0.018621,0.11299,-0.033191,0.0079516,0.098574,-0.10548,0.045255,0.11049,-0.035686,-0.022749,0.062351,0.054676,5.9156e-05,-0.15609,-0.15132,-0.01329,-0.077878,-0.1015,-0.056766,0.077599,0.11834,-0.11903,-0.023737,-0.052378,0.0064902,0.098468,0.019871,0.014973,0.021553
-0.016287,0.072214,0.18523,-0.052431,0.071829,0.087314,-0.018067,0.11972,-0.0087273,-0.020661,0.048405,-0.054062,0.0079338,0.28063,0.029912,-0.015616,0.046326,-0.032093,0.0041586,0.0049392,-0.034845,0.02653,0.20373,0.066575,0.01187,0.15124,0.075104,0.06251,-0.011406,-0.098277,-0.11755,-0.113,0.086412,0.19326,-0.088379,-0.062197,0.050836,-0.031156,-0.0016965,-0.027932,0.053654,0.087232,0.040811,0.017502,-0.060235,0.010534,0.13956,-0.017573,0.020196,0.094353,-0.079678,-0.13538,0.0098104,-0.09269,-0.002098,-0.085882,0.05573,0.046582,0.076854,0.14774,-0.012648,0.035429,-0.021862,0.020868
-0.075154,0.022701,0.068715,-0.057754,-0.12294,0.082309,-0.036354,0.072926,0.12948,-0.096563,0.19725,-0.045866,-0.017805,0.12494,-0.046451,-0.03597,0.052378,-0.11068,0.11616,0.047269,-0.14654,0.075487,0.1506,-0.023806,-0.072798,0.035721,-0.0024144,-0.032624,-0.083868,-0.0084413,-0.098889,-0.0035276,0.0057547,-0.11999,0.0041602,-0.095831,-0.049715,-0.027073,-0.066199,-0.10934,-0.092624,0.053702,-0.043544,0.14775,-0.048416,-0.0031995,0.0017057,0.14155,0.041153,0.078774,0.032298,-0.053537,-0.071122,0.077325,-0.16174,-0.079702,0.061333,0.012098,-0.10307,-0.1126,-0.067349,0.10673,0.0023365,-0.16959
-0.19069,-0.018544,-0.082839,-0.043088,-0.20889,0.049834,0.16897,-0.065343,0.0233,0.041411,0.12069,-0.020758,-0.0087011,-0.0040296,-0.017201,0.044137,0.11748,-0.15817,0.16307,0.085887,0.027649,0.026406,0.03387,-0.14384,0.022921,-0.00299,0.034423,0.17363,-0.057077,-0.0075547,-0.016622,0.066096,-0.01953,-0.028914,0.013169,-0.077138,-0.11014,0.04537,0.03695,0.10826,0.0085957,-0.098958,0.10716,0.072056,-0.036348,0.11015,-0.11471,0.058166,-0.057259,-0.083431,0.031637,-0.020724,-0.026262,0.064666,-0.061628,0.065128,-0.076993,-0.070415,-0.12109,0.070928,-0.083831,-0.050736,0.00908,0.096015
-0.046451,0.058036,-0.033841,-0.069811,-0.0093158,0.1293,0.21217,-0.053877,-0.069229,0.070757,-0.083813,-0.11251,0.070195,-0.015121,0.038265,0.1408,0.046866,-0.028291,0.078364,0.0061492,0.078871,-0.0023469,-0.028639,-0.12677,0.14018,-0.050365,0.056967,-0.012727,0.025428,-0.12821,-0.018979,-0.10158,0.10259,-0.088773,-0.055896,-0.081579,0.0079222,0.11277,-0.079244,0.12127,0.080142,-0.00036004,-0.13101,0.039542,-0.033464,0.014575,-0.0081911,-0.09709,0.030735,-0.022136,-0.14395,-0.032834,0.071218,-0.13697,0.071963,0.18648,0.064922,0.061692,-0.11668,0.045084,-0.011696,0.028849,-0.0042354,-0.11976
0.0062353,0.067831,0.04157,-0.08151,0.047955,0.17401,0.00043369,0.085481,0.013942,-0.047727,-0.14828,-0.18921,0.096825,-0.045695,0.058667,0.14738,-0.091692,0.046575,0.0052672,0.011683,-0.033515,0.0094575,-0.060108,-0.081201,0.022286,-0.062874,0.067145,-0.0088099,0.0011842,-0.097665,-0.16474,-0.21407,0.066021,0.013538,-0.14082,0.00012272,0.046614,0.0675,0.072352,-0.042492,-0.20269,-0.052047,-0.022903,0.046184,0.017114,0.11916,0.081747,-0.068952,0.063109,-0.0067009,0.071428,-0.13543,-0.046009,-0.057329,-0.14916,-0.031699,0.019795,0.062437,0.11627,-0.04779,0.093311,0.04537,-0.063916,0.046738
-0.048647,0.060423,-0.046477,0.03278,-0.07158,0.1521,-0.16349,0.14707,0.079029,-0.095533,-0.057554,-0.017424,0.013576,-0.09391,0.070891,0.078241,-0.16688,0.094599,0.026542,0.14799,-0.095567,-0.018787,-0.023125,-0.029132,-0.0722,-0.048257,0.056547,0.03737,-0.02291,0.035283,-0.07824,-0.12817,-0.020206,-0.11225,-0.090034,0.053773,-0.04071,-0.10905,0.043053,0.0095545,0.1014,-0.063222,0.06962,0.087487,-0.098212,0.015509,0.0027727,0.1037,-0.020722,0.098177,-0.0281,-0.12695,-0.031867,0.11926,0.059183,-0.13784,-0.024959,0.13923,-0.11036,0.054053,0.012165,-0.097478,0.087481,0.068267
-0.034504,0.11467,-0.12984,0.061525,-0.16851,-0.12176,0.061844,0.13573,0.033895,-0.073798,-0.16843,0.050932,0.025601,0.07944,0.10576,-0.12866,0.062232,-0.12815,-0.06203,-0.17575,-0.044681,-0.00025606,-0.089665,0.028089,0.067678,0.04433,-0.025031,0.095947,-0.0848,-0.021212,-0.1357,0.039913,-0.049165,-0.024276,0.029606,-0.0492,0.00076793,0.11365,0.041172,0.059297,0.045544,0.10116,-0.1219,-0.01232,-0.029826,-0.005051,-0.087758,-0.10909,0.0030002,0.10119,0.13253,0.0081693,-0.070196,-0.06475,-0.1093,-0.015076,0.091791,0.0431,-0.12646,0.066959,-0.028399,0.058811,-0.095248,0.10462
0.064321,0.14802,-0.041342,0.063544,0.0096346,-0.057252,0.080188,-0.038302,-0.017056,0.08657,-0.092066,0.02872,-0.00011528,0.21198,0.016158,0.012486,0.007776,-0.048141,-0.032453,-0.057066,-0.0008818,0.16628,0.038083,0.013153,0.047242,0.14137,0.010222,-0.017303,-0.18694,-0.038722,0.030191,-0.022178,-0.096078,-0.12341,-0.0048402,0.10606,-0.085019,0.0309,0.15402,0.086821,-0.012398,0.12608,0.04796,0.033761,0.13669,0.062012,-0.067127,0.081019,0.055534,-0.022738,0.074159,-0.04855,-0.1281,0.047119,0.057081,-0.084756,-0.069708,0.10524,-0.051848,-0.16743,-0.036713,-0.099363,-0.074975,-0.077636
0.085709,0.13817,0.097884,0.068474,0.10056,-0.0020281,0.016108,0.066334,0.02932,0.092527,0.086048,0.0034604,-0.072888,0.20386,0.034329,0.12774,0.091604,0.010782,0.042602,0.046873,-0.075638,0.063623,0.14303,0.0069171,-0.022307,0.1973,-0.066272,0.14067,-0.051388,-0.0695,0.13909,-0.15849,-0.010726,0.11524,0.0022375,0.14299,-0.1171,-0.0096756,-0.019999,0.087484,0.067394,0.078251,0.14351,-0.058966,0.089431,0.00049497,-0.039522,-0.030801,0.208,-0.036449,-0.04009,-0.083746,0.050776,0.036167,0.073053,0.01216,0.14717,-0.063922,0.10891,0.13742,-0.12235,-0.10528,0.038317,0.050171
0.020422,0.1055,0.03413,-0.068196,-0.0038695,-0.055273,-0.067453,0.1096,-0.018719,-0.053198,0.17219,-0.02348,-0.079168,0.057745,0.064024,0.051185,0.18337,-0.0090499,0.012385,0.030213,-0.10535,-0.10887,0.12046,-0.07553,-0.05898,0.13945,-0.22748,-0.029618,0.02514,-0.0023785,0.1096,-0.10145,0.050155,-0.15003,-0.042702,0.09358,0.0473,0.044711,-0.20392,-0.018391,-0.026266,0.038403,0.011568,-0.09539,0.018048,-0.12645,-0.068198,-0.11235,-0.041495,0.0041384,0.06492,-0.11202,0.063186,0.077704,-0.022516,0.16255,0.0081742,-0.01298,-0.045584,-0.11592,0.13854,0.076741,-0.024644,0.036279
-0.15169,0.027618,-0.063023,-0.2303,-0.127,-0.17046,-0.13932,0.030349,-0.23763,0.030978,0.030553,-0.16059,-0.032208,-0.0072365,0.098209,0.046183,-0.011193,0.048105,-0.13345,-0.0081477,0.025908,-0.065391,0.017639,0.0044206,0.064183,0.06113,-0.10576,0.10524,-0.13419,0.040578,0.066851,0.006979,0.0051906,-0.011906,-0.11801,-0.049614,0.10482,-0.083829,0.013917,0.034013,0.021417,0.030658,-0.0056813,-0.043005,0.054028,0.027276,-0.072075,0.088876,-0.12039,0.04219,0.080328,-0.048493,-0.0032894,-0.022171,-0.068927,-0.077761,-0.0025132,-0.10618,-0.077182,0.079643,0.15567,-0.088896,-0.048894,-0.090942
0.045855,0.11401,-0.06054,-0.088167,0.0086763,-0.030383,0.036579,-0.078819,-0.071656,0.1226,-0.033307,-0.11394,0.0076301,0.024812,0.068271,0.1555,-0.189,0.0030718,0.027602,-0.01148,0.014758,0.10364,-0.04455,0.08263,0.0020786,-0.076378,0.0049668,-0.03564,-0.099644,-0.044731,0.094531,-0.08679,-0.086689,-0.076265,0.032852,-0.17602,0.0054902,-0.079455,-0.083194,0.074198,0.05042,0.017811,-0.15689,0.020595,0.18569,-0.077814,0.12244,-0.065158,-0.11972,0.16429,-0.037726,-0.042442,0.01911,0.15561,0.036227,-0.022803,0.13621,0.055631,-0.10101,0.0020154,-0.024345,-0.10522,0.053511,0.12575
0.10291,0.12961,-0.016391,0.016943,0.070345,0.05592,0.040827,0.02914,0.061612,0.036243,0.023828,-0.10516,0.00048047,-0.027348,0.10172,0.21496,-0.10709,0.035748,0.093931,0.02213,-0.065385,-0.010007,-0.1188,0.070699,-0.050056,-0.16956,-0.070007,0.06622,0.011384,-0.11667,0.01728,-0.15706,-0.10599,0.047728,0.065769,-0.13075,-0.014043,0.053328,0.035172,0.040435,-0.14917,-0.13787,0.0073789,-0.11557,0.13005,0.00068557,0.056645,0.037186,0.10525,-0.0871,0.11516,-0.14126,-0.060959,0.021108,-0.037522,-0.015433,0.055872,-0.2068,0.084224,-0.13496,-0.051882,0.008775,0.063909,0.040372
0.05621,0.1195,-0.062157,0.031057,-0.053505,0.0050222,0.030046,0.17293,0.096441,-0.12784,0.00022581,-0.028082,0.028973,-0.048956,0.15109,0.036484,0.032523,-0.00099441,0.07534,-0.078757,-0.12889,-0.13572,-0.14517,0.074664,-0.030253,-0.11219,-0.11038,0.077758,0.089018,-0.087946,-0.1115,-0.088065,-0.0041871,-0.033876,0.060838,-0.062375,0.031711,0.065906,0.039073,0.070018,0.078456,-0.085706,0.0054659,-0.16301,-0.079596,-0.075233,-0.098069,0.10591,-0.019587,-0.10486,0.0084015,-0.13291,-0.038086,-0.0078096,0.19835,0.05924,-0.030507,0.036232,-0.062483,0.10829,-0.039703,0.030045,-0.053308,-0.16635
-0.1625,-0.050309,0.018798,-0.17601,0.16294,-0.21175,0.1478,0.091836,0.22609,-0.037186,-0.071925,0.12825,-0.024967,0.019044,0.051476,0.029307,-0.0024241,0.10859,0.006914,0.12906,0.0041765,0.034379,0.012381,0.06333,-0.044668,-0.066905,0.053667,0.0088257,-0.047967,0.13643,0.044238,0.090334,0.045846,-0.017334,-0.092863,-0.061269,-0.01016,0.12161,-0.039751,0.012929,-0.0068786,0.030555,-0.017122,-0.017986,0.085172,-0.032941,0.035695,0.084851,0.11212,-0.10129,0.035047,-0.051803,0.080575,0.063409,0.093669,-0.013976,-0.0074095,0.17865,0.11317,0.024913,0.19807,-0.015332,-0.027991,0.068089
0.026495,-0.11047,0.068408,-0.00036232,0.016644,-0.08813,0.055357,0.05653,-0.0031377,-0.12855,0.090814,0.16912,-0.030293,0.015026,0.075268,0.16042,-0.18684,0.030456,-0.029101,-0.046117,0.068781,0.14635,-0.0068916,-0.11981,-0.020567,0.065109,-0.052629,-0.11958,-0.024577,0.066258,-0.11406,0.11222,0.1118,-0.035498,-0.04579,-0.084004,0.07612,0.013832,0.091859,0.17388,-0.01443,0.054116,0.089519,-0.019933,-0.067697,-0.26311,-0.037009,-0.089667,0.10776,-0.066922,-0.001633,0.0048531,0.017309,0.0075386,-0.14439,0.045148,0.13544,-0.0091263,0.048542,0.048102,-0.042557,-0.16568,-0.018202,-0.095642
0.098214,-0.12986,0.071686,0.08147,-0.095419,-0.042149,-0.038321,-0.061871,-0.022866,-0.017172,-0.0079256,0.080148,-0.0092806,0.071269,0.10026,0.16662,-0.080955,-0.020772,-0.072087,-0.02041,0.091702,0.057549,-0.046206,-0.1717,-0.085488,0.045806,-0.10768,-0.0019061,0.16619,-0.017523,-0.055565,0.11245,0.11892,0.17215,0.028996,-0.026953,0.042754,-0.019097,0.031851,0.083775,0.03931,0.19751,-0.013628,0.040091,-0.015908,0.019127,-0.11373,0.088598,-0.035643,0.039422,0.12495,-0.16972,0.12604,0.051921,0.013857,0.068384,-0.048832,0.034602,-0.11408,-0.2204,-0.067162,0.019411,0.11532,0.054699
0.052815,-0.14708,-0.0067435,0.075831,0.010692,-0.089465,-0.096655,-0.053413,0.0055295,0.04955,-0.11014,-0.08744,0.050983,0.099251,0.13683,0.0086019,0.056901,-0.073905,0.060011,0.1052,0.098787,-0.088902,-0.0426,-0.18573,-0.097841,-0.027144,-0.029287,-0.042662,0.14667,-0.017085,0.0010708,0.08529,0.021837,-0.022187,0.11395,0.022705,0.0055922,-0.024229,0.017514,-0.021388,-0.0012079,0.17239,-0.042705,0.018703,0.17453,-0.0022068,-0.018033,0.22725,0.05507,0.054475,-0.022295,-0.10493,-0.093553,0.036332,0.011622,0.061342,0.074319,-0.051271,0.034076,0.2288,-0.0054299,0.16255,0.011554,0.10467
-0.045634,-0.12956,-0.065999,0.10972,0.19612,-0.1269,-0.05002,0.16619,-0.08879,-0.060312,-0.065107,-0.19164,0.02567,0.015567,0.01593,-0.064945,0.023263,-0.089534,0.19848,0.10661,0.028642,0.062207,-0.01118,-0.093533,0.031842,-0.020689,0.065849,0.051846,-0.004243,0.10806,-0.031292,0.083067,-0.03719,-0.041855,0.10974,0.044054,0.0037507,-0.083019,0.024355,0.0034858,-0.023633,-0.00077354,0.059159,-0.091222,0.10494,-0.08723,0.14764,-0.10478,0.0015654,0.043868,0.029535,-0.025873,0.090341,0.079696,0.055109,0.0038344,0.018065,0.02168,0.079871,-0.031506,-0.048795,0.12342,-0.16107,-0.20223
0.046806,-0.12436,-0.024198,0.073057,0.046008,-0.0090202,0.020668,0.12276,-0.13612,-0.10331,-0.01104,-0.050169,-0.10017,-0.10428,-0.060533,0.10797,0.023538,-0.052004,0.084906,-0.048656,-0.023203,0.25593,0.028734,0.13176,0.066022,-0.050911,0.058102,0.0008855,-0.039615,0.069143,-0.050974,0.032864,0.079342,-0.05097,-0.0054662,0.20174,0.12531,0.050502,-0.083434,0.091439,0.103,-0.062361,-0.098496,-0.04132,-0.034406,-0.072541,0.094421,0.13952,-0.069504,-0.11617,0.0072605,-0.10061,0.10165,-0.04053,-0.033255,-0.077294,0.014118,-0.16269,0.08062,-0.061758,-0.021722,0.019905,-0.039271,0.16498
0.0944,-0.12356,0.011368,0.027798,-0.092604,0.0091551,5.426e-06,-0.042547,-0.052777,0.020172,-0.058482,0.015782,-0.17391,-0.060259,-0.023692,0.12738,0.11334,-0.071995,-0.039072,-0.056992,-0.040256,0.15819,0.05382,0.15157,-0.064342,-0.13687,-0.00537,0.081626,0.046777,-0.087164,0.067019,0.10025,0.18791,0.067018,-0.093799,0.16096,0.10137,0.13034,0.063711,-0.035578,-0.074311,-0.066009,-0.14324,0.043618,-0.041663,-0.039101,-0.0044656,-0.0020704,-0.13598,0.075469,0.11399,-0.11977,-0.10343,0.16644,0.07179,0.079403,0.080955,-0.0027381,-0.063597,0.080134,-0.090806,-0.10373,0.090017,-0.087174
0.021776,-0.11928,-0.0086415,-0.08018,-0.0080281,-0.077696,-0.0036453,-0.072819,0.10476,0.076853,-0.10996,0.012313,-0.073364,0.041119,0.047944,0.044962,0.20349,-0.029417,0.01185,0.043682,0.015895,-0.053258,0.038495,0.13432,-0.14841,-0.2158,0.054912,-0.034592,0.023871,-0.012846,0.079742,0.016636,0.11682,-0.065721,-0.14149,0.011133,-0.06716,-0.027323,0.17713,-0.0055122,0.16736,-0.031824,0.0040739,0.023424,0.027606,-0.013329,-0.055457,-0.15066,0.16421,0.14436,0.084332,-0.078735,-0.073054,-0.014975,0.044414,-0.077075,0.06801,-0.10902,0.040846,-0.054418,0.099061,0.078771,0.09678,-0.06916
-0.21866,0.0088168,0.021517,0.012511,0.22127,0.041144,-0.1314,-0.078824,-0.037415,0.04359,0.041581,0.12433,0.016671,0.0048241,0.054283,0.022855,0.10474,-0.046088,0.1046,-0.24902,-0.09998,0.020245,-0.095524,0.023086,-0.016666,0.0072832,-0.034287,0.098978,0.0053383,0.023618,-0.0063532,0.126,0.033056,-0.025332,0.012385,-0.032459,0.046209,-0.039979,-0.085824,-0.034403,-0.096376,0.076248,-0.054381,0.095559,-0.015971,0.090069,0.1215,0.075213,0.076281,-0.021128,-0.010661,-0.054838,0.046478,0.020205,0.12871,-0.037014,-0.058746,0.0027646,0.18638,-0.019536,-0.098035,-0.031881,0.015334,-0.10185
-0.071812,-0.040042,0.11907,0.023347,0.074471,0.051788,0.062069,-0.017182,-0.16977,-0.15683,0.036711,0.19632,0.071108,0.024479,0.10008,0.069753,0.0060006,-0.04506,-0.0056603,-0.03831,-0.065667,-0.024006,-0.19653,0.0066216,-0.019499,0.084107,0.025057,-0.099404,0.035198,0.00035663,0.15619,0.06865,0.061755,-0.056128,0.067258,0.020074,-0.064899,-0.13735,0.035057,0.11228,-0.11678,-0.0097966,0.1411,-0.03386,-0.049982,-0.047181,0.11301,0.066593,-0.029197,0.20789,-0.0055163,0.013223,-0.16123,-0.042079,-0.010486,0.052083,0.046469,-0.02255,0.070571,0.077973,0.036727,0.076987,0.013358,0.051264
0.00056093,-0.070776,0.16176,-0.0056825,-0.07592,0.034904,-0.0019486,-0.023767,0.0036175,-0.17515,-0.094704,0.04547,0.10557,0.086631,0.068976,0.048767,-0.074657,-0.064972,-0.13257,0.063274,0.063941,0.06545,-0.16415,-0.04416,-0.040691,0.03506,-0.018113,-0.070296,0.06816,0.061224,0.20462,0.059351,-0.027667,0.16799,0.11077,0.035597,-0.081187,-0.089952,-0.079258,0.074098,0.048925,0.045335,0.064886,-0.057202,-0.06061,0.11211,-0.030171,-0.095287,-0.070693,-0.017829,0.088363,-0.13197,0.12873,-0.051769,0.027548,-0.11402,-0.017645,0.019948,-0.15833,-0.13039,0.070024,0.010691,-0.077652,-0.052476
-0.067983,-0.09959,0.06215,0.090061,-0.042996,0.03539,-0.081394,-0.066572,0.17937,-0.016006,-0.051568,-0.14294,0.088807,0.1086,0.092918,-0.025893,-0.087263,0.044907,-0.18783,-0.039983,0.11155,0.042497,-0.1252,-0.026241,-0.025877,0.0017404,-0.10524,-0.10316,0.015523,0.08634,0.069303,0.075576,-0.058097,-0.079682,0.040123,0.11023,0.042115,0.088026,-0.14358,-0.0029693,0.033935,0.01075,0.016521,0.068777,0.055738,0.015713,-0.012065,-0.012464,-0.0049557,-0.1595,-0.15022,-0.14328,-0.085399,-0.020623,-0.088274,-0.032894,0.082893,-0.063966,0.12372,0.086461,0.010815,-0.14147,-0.0071855,-0.060368
-0.17992,-0.10801,-0.046461,0.22308,0.061509,0.027668,0.12611,0.029531,0.06237,0.082044,0.064055,-0.17269,-0.050321,-0.0052624,0.07532,0.023676,-0.021962,0.17049,-0.15572,-0.10806,-0.020934,-0.090145,0.0078105,-0.057249,0.01794,-0.016264,-0.085605,0.020673,0.0075603,0.021787,-0.011202,0.1026,0.012961,-0.08171,-0.017063,0.0091604,-0.049221,0.027345,0.084261,0.055264,-0.052137,-0.07527,0.092487,0.04545,-0.06193,0.079848,0.1057,-0.12531,-0.017574,0.097451,-0.025559,-0.014697,0.098827,0.095388,0.059364,0.017989,0.069114,0.12088,0.19292,-0.061456,-0.024496,0.011869,0.085714,0.066533
-0.066888,-0.073407,0.026567,0.05285,0.0042427,0.098122,0.21543,0.04215,-0.10492,-0.040346,-0.063762,-0.062925,-0.13859,-0.13807,0.0038342,0.083589,0.044155,0.033869,-0.067083,-0.047013,-0.10561,-0.043129,0.12246,0.082175,0.13798,-0.065085,-0.002105,-0.12486,0.095425,-0.0071949,0.10645,0.060112,-0.004654,-0.043632,0.055985,0.00061375,-0.14577,-0.017956,-0.027681,0.14313,0.028008,-0.0020495,-0.14179,0.0079508,-0.058279,0.074838,-0.0023239,0.16624,0.1794,0.10864,-0.034816,-0.040802,0.0671,-0.086191,-0.018451,-0.054852,-0.085951,-0.022281,0.074578,-0.026358,0.095037,-0.00090968,-0.0047688,-0.048484
-0.0056675,-0.068401,0.096279,-0.085178,-0.076674,0.092658,0.022427,-0.021013,-0.012788,-0.06566,-0.20855,-0.042495,-0.15217,-0.11756,-0.014911,0.0054803,0.072681,-0.1364,-0.050084,0.0034057,-0.020892,0.077858,0.15657,0.12382,0.024372,-0.065631,-0.0208,-0.02007,0.015563,-0.0030637,0.21817,0.13581,-0.043695,0.11063,0.12879,0.027658,-0.066877,0.026316,0.0031741,-0.016147,-0.21934,-0.11605,-0.020058,-0.043576,0.017645,-0.071169,-0.059166,-0.058148,-0.051078,-0.011862,-0.050293,-0.12707,-0.06847,-0.015709,-0.084381,0.044219,0.023362,0.12027,-0.14603,0.10244,0.00083877,-0.058719,-0.059913,-0.090404
-0.083748,-0.053009,0.041182,-0.069821,0.037597,0.083035,-0.19409,-0.10501,0.098376,0.048263,-0.13637,-0.035251,-0.062308,-0.025903,0.022486,0.0069145,0.14021,-0.11769,0.052729,-0.15731,0.020813,0.096348,0.085471,0.080469,-0.020813,-0.029926,-0.054901,-0.041737,-0.08243,0.03991,-0.003275,0.10484,-0.028598,-0.0086954,0.074368,-0.1231,0.058631,-0.067404,0.025161,0.018885,0.15514,-0.1337,0.12526,0.0019971,-0.027296,-0.012846,-0.069131,-0.11462,-0.052989,-0.12936,-0.10211,-0.12234,-0.02246,-0.040124,0.041424,-0.0016072,0.11723,0.035593,0.074159,-0.049789,-0.13799,0.083767,-0.0761,0.14746
-0.18379,0.1019,-0.044893,0.21508,-0.060035,0.024838,-0.11926,0.016281,-0.079089,0.083899,-0.10265,0.15612,-0.06266,-0.0001222,-0.075601,0.027515,0.033686,0.13686,0.019151,0.2153,0.012354,0.077278,0.031299,-0.040619,0.0049414,0.0076483,-0.10527,0.016062,-0.0075766,-0.045874,0.049699,0.079436,-0.011037,-0.087831,0.026162,0.0066606,-0.026421,0.067364,-0.06303,-0.069622,-0.047176,0.068813,-0.10076,-0.060288,-0.067056,0.064682,-0.060249,-0.1395,0.052922,0.089089,-0.027111,0.0073527,0.10674,-0.068516,-0.026084,-0.11863,-0.072106,-0.099616,0.19353,0.033375,-0.048575,-0.027157,0.090104,-0.06547
-0.07128,0.092619,0.077658,0.074275,0.046563,0.03459,0.079979,-0.078216,-0.18339,-0.016908,-0.13779,0.049839,0.099621,0.11378,-0.060072,-0.020259,0.066208,0.0010584,-0.089254,0.20045,-0.10491,-0.0014902,-0.13611,-0.018305,0.0020506,-0.033564,-0.1063,-0.10753,-0.017337,-0.10173,-0.050093,0.071645,0.059634,-0.068401,-0.03304,0.098701,-0.003011,0.0098792,0.16942,0.027123,0.039214,0.0037494,-0.010493,-0.060377,0.060918,-0.0046442,-0.01106,-0.018939,-0.084207,-0.16882,-0.1629,0.11013,-0.07307,0.054302,-0.024904,0.041137,-0.069986,0.078214,0.10269,-0.074992,0.10631,0.081263,0.073034,0.062455
-0.0023273,0.067495,0.16357,-0.0030534,0.068532,0.04724,-0.00097574,-0.026394,-0.0031666,-0.17503,-0.012631,-0.096183,0.11991,0.092859,-0.0506,0.053243,0.038746,-0.073409,-0.14764,0.077699,-0.038225,0.01048,-0.17066,-0.040396,0.0093863,-0.065261,-0.0065665,-0.06136,-0.060219,-0.075336,-0.14637,0.12039,0.018954,0.18025,-0.094594,0.042504,-0.11945,-0.12043,-0.0028208,-0.043511,0.081126,-0.032622,-0.069453,0.033133,-0.048499,0.12496,0.066543,-0.091252,0.037199,-0.069573,0.05704,0.12951,0.14833,0.051303,0.092653,-0.059357,0.019477,0.026378,-0.14944,0.15628,0.027743,-0.013236,-0.073894,0.053571
-0.077186,0.030674,0.1102,0.033845,-0.10043,0.046259,-0.055125,-0.016842,0.18281,-0.14965,0.16681,-0.079006,0.083128,0.039044,-0.087665,0.067837,-0.017867,-0.03873,0.033428,0.014358,0.064557,0.097397,-0.17352,0.028307,0.055082,-0.071986,0.019649,-0.083914,-0.047944,-0.012283,-0.10892,0.12925,-0.066398,-0.054581,-0.060915,0.041068,-0.068564,-0.10564,-0.092475,-0.1492,-0.070192,-0.011028,-0.13986,0.016398,-0.052437,-0.03588,-0.11828,0.043791,0.13402,0.17293,-0.0092734,0.027036,-0.15466,0.0089112,0.028424,0.067209,-0.044071,-0.023164,0.087787,-0.06771,0.0025099,-0.067264,-0.059121,-0.066288
-0.22171,-0.017988,0.020938,0.014632,-0.22031,-0.00012752,0.1423,-0.081215,0.060182,0.061178,0.10695,-0.026275,0.026155,0.01353,-0.043152,0.027115,-0.081047,-0.061211,0.27712,0.023575,0.072261,-0.0014076,-0.10291,0.027816,0.0011078,-0.010297,-0.046473,0.096263,-0.016665,-0.059439,0.056307,0.092106,-0.019267,-0.025309,-0.031087,-0.036805,0.047288,-0.072292,0.081935,-0.0052266,-0.078103,-0.077637,0.053338,-0.10571,-0.049661,0.064672,-0.12632,0.041918,-0.083851,0.018509,-0.006746,0.03165,0.051998,-0.076863,0.093968,-0.075752,0.062395,0.015893,0.1751,-0.027109,-0.066157,0.075494,0.055721,0.11709
-0.082338,0.052111,0.049259,-0.073646,-0.032616,0.064362,0.19507,-0.10935,-0.085364,0.058957,-0.10479,-0.096198,-0.065488,-0.02612,-0.023039,0.0065597,-0.12796,-0.13422,0.15787,0.011671,-0.020092,-0.14134,0.047221,0.069445,-0.0326,0.014527,-0.050017,-0.064468,0.068657,-0.060461,0.028832,0.092144,0.048966,-0.0036209,-0.0833,-0.12346,0.044236,-0.053063,-0.060977,0.044688,0.11326,0.1538,-0.14767,-0.0078853,0.0012858,-0.02481,0.083767,-0.093906,-0.030157,-0.15046,-0.1234,0.084031,-0.0013664,-0.022422,0.058667,-0.018296,-0.10214,-0.04317,0.063308,0.028201,-0.1435,0.072351,-0.06031,-0.16489
-0.0083303,0.066381,0.09859,-0.079604,0.064713,0.10597,-0.021949,-0.019082,0.0047836,-0.068231,-0.13616,-0.1628,-0.15276,-0.11632,-0.015559,0.0012694,-0.074018,-0.12735,-0.036098,0.011738,0.063925,-0.13428,0.1198,0.10345,-0.04327,0.074745,-0.013244,-0.025168,-0.041028,-0.048714,-0.12961,0.20203,0.050132,0.12303,-0.10903,0.033973,-0.11041,0.014837,0.0059999,-0.067762,-0.21785,0.079252,0.045999,0.051659,0.022088,-0.079768,0.054995,-0.043401,0.040555,-0.056612,-0.088365,0.12345,-0.035379,0.059502,-0.051202,0.0043822,-0.030048,-0.12515,-0.14046,-0.083915,0.072527,0.045067,-0.047945,0.10528
-0.073399,0.072251,0.019769,0.065658,-0.024867,0.10936,-0.21034,0.045141,0.088481,-0.044811,-0.072861,-0.023157,-0.14748,-0.13428,-0.036114,0.083424,-0.030316,0.044454,0.018289,0.078353,0.11139,-0.0061402,0.12228,0.069587,0.025712,0.14693,-0.019793,-0.11975,-0.10959,-0.0010566,-0.068694,0.089722,0.0025238,-0.041389,-0.023482,0.0039929,-0.15742,-0.016652,-0.010828,-0.10608,0.093671,-0.0078506,0.12986,-0.038643,-0.079671,0.052885,-0.025129,0.16368,-0.11662,0.17838,-0.0432,0.032383,0.068791,0.091984,0.064339,0.019457,0.084926,0.032861,0.090495,0.045913,0.067556,-0.028724,-0.02658,0.04532
-0.05203,0.12901,-0.067174,0.10816,-0.17204,-0.15754,0.036899,0.16433,0.057239,-0.056335,-0.21785,0.045374,0.019901,0.017501,-0.031365,-0.080527,-0.022021,-0.052481,0.0042206,-0.22379,-0.034163,-0.02786,-0.021185,-0.11578,-0.0038713,0.028747,0.071815,0.028606,-0.0083678,-0.12375,0.058996,0.031694,0.035921,-0.050094,-0.11521,0.04969,-0.013385,-0.066805,-0.054846,-0.0088511,-0.029544,-0.016502,-0.056279,0.10154,0.083103,-0.071567,-0.13387,-0.13468,0.015664,0.051016,0.026525,0.021561,0.089803,-0.08871,-0.0062983,-0.057043,-0.024307,-0.014617,0.085306,0.038128,-0.081986,0.054646,-0.18102,0.19317
0.047263,0.1502,0.0036765,0.074925,0.018202,-0.090275,0.08626,-0.063917,-0.0086441,0.054536,-0.13992,-0.033786,0.059155,0.11161,-0.11983,0.0099636,-0.064307,-0.057886,-0.063072,-0.08904,-0.099081,0.10719,-0.0036373,-0.17428,-0.08003,-0.101,-0.047144,-0.039883,-0.15319,0.01057,0.030483,0.075947,-0.029463,-0.016977,-0.11612,0.037422,0.017467,-0.0030274,-0.013639,0.025706,0.022851,-0.17263,0.061607,-0.018263,0.15227,-0.012504,-0.062096,0.23176,-0.027996,0.062258,-0.041524,0.1236,-0.071372,-0.065267,-0.013592,0.054278,-0.081249,0.010202,0.035943,-0.2278,-0.029875,-0.096314,-0.10361,-0.10559
0.094022,0.13293,0.07477,0.083745,0.095616,-0.030336,0.036881,-0.062484,0.031297,-0.021981,0.061382,-0.04018,0.0099415,0.074601,-0.090249,0.17176,0.072799,-0.048275,-0.047693,0.080179,-0.084891,-0.040567,-0.061512,-0.16113,0.0066813,-0.12424,-0.096035,0.0079193,-0.15027,-0.00096743,0.1016,0.088869,-0.12739,0.16726,-0.034944,-0.025388,0.081712,0.0049661,-0.023885,-0.063702,0.10092,-0.17678,0.014567,-0.025323,-0.021494,0.017358,0.098922,0.1098,0.031991,-0.0073782,0.086754,0.17562,0.15456,-0.066105,-0.040105,0.011017,0.040676,-0.05236,-0.10395,0.19074,-0.13155,-0.031359,0.12892,-0.041256
0.017848,0.10745,0.069166,-0.0065812,-0.022063,-0.09028,-0.061245,0.053498,0.010521,-0.13236,0.19009,-0.024115,-0.0013575,0.022896,-0.082812,0.15576,0.18559,-0.0021611,-0.0080784,0.054035,-0.068351,-0.13131,-0.054944,-0.11818,0.067692,-0.076977,-0.022626,-0.12704,0.031795,-0.074798,0.1268,0.065364,-0.10732,-0.053971,0.035867,-0.084764,0.10643,0.06002,-0.057788,-0.16418,0.046038,-0.048266,-0.10656,0.076875,-0.058689,-0.25499,0.057131,-0.08234,-0.11426,-0.029783,0.0010367,-0.02014,-0.010093,0.062812,-0.10954,0.046013,-0.14681,0.0059964,0.040634,-0.052958,0.076217,0.13553,0.074364,0.10035
-0.17305,0.040213,0.022565,-0.18239,-0.12659,-0.2239,-0.1622,0.061083,-0.22511,-0.0090515,0.078665,-0.12999,-0.0012974,0.037963,-0.059873,0.034022,-0.007511,0.11931,-0.088511,-0.059478,-0.0028374,-0.034192,-0.0049537,0.051987,-0.087489,0.0039691,0.05928,-0.00075622,0.043445,-0.16275,-0.014168,0.065595,-0.044557,-0.02103,0.096462,-0.06486,-0.017163,0.088119,0.082572,0.001988,0.0059655,-0.029568,0.030729,0.037131,0.065115,-0.041439,-0.066736,0.080418,-0.1439,-0.040497,0.031451,0.03387,0.08802,-0.061301,0.028473,-0.15063,0.014204,-0.11723,0.10824,0.036701,0.17992,-0.076091,-0.045484,-0.064
0.019902,0.12073,-0.0028182,-0.075322,0.031312,-0.073604,0.0015429,-0.086841,-0.091034,0.086966,-0.038295,-0.089498,-0.081367,0.046364,-0.045951,0.045919,-0.19494,-0.017845,-3.1337e-05,-0.04513,-0.0034636,0.008541,0.049305,0.11855,-0.27789,0.019017,0.039145,-0.034048,-0.026134,0.00949,-0.064047,0.058678,-0.10877,-0.06451,0.16381,0.023554,0.00017756,0.061943,-0.18914,0.072734,0.11776,0.049792,-0.0064264,-0.021865,0.027901,-0.026111,0.099494,-0.12406,-0.073771,0.19402,0.063543,0.13907,-0.058789,-0.007023,0.079391,0.0044811,-0.06224,0.12799,0.058607,0.058603,-0.001303,-0.13773,0.031329,0.06742
0.090421,0.12704,0.014761,0.03425,0.087288,0.020831,0.0053749,-0.03593,0.050949,0.011819,-0.0072562,-0.061241,-0.1797,-0.063009,-0.0017832,0.11613,-0.096286,-0.071538,0.028871,0.032454,0.067355,-0.19779,-0.0080201,0.12709,-0.14637,0.054142,0.011902,0.082045,-0.061752,0.041102,-0.010164,0.13861,-0.16003,0.06695,0.093224,0.15695,0.13292,0.13293,0.049035,0.00060611,-0.085884,0.093025,0.15386,-0.018397,-0.060039,-0.047136,0.020706,0.0013885,0.17039,-0.0019554,0.068705,0.14699,-0.051432,-0.17802,-0.069989,-0.028821,-0.081367,-0.019538,-0.059366,-0.10435,-0.0072644,0.047275,0.1266,0.085368
0.038548,0.12664,-0.027627,0.07923,-0.060012,-0.021491,-0.019335,0.13787,0.11382,-0.11386,-0.054792,0.0095754,-0.10396,-0.11094,0.02106,0.085877,-0.0041385,-0.042711,0.072748,-0.065667,0.023074,-0.26349,-0.060077,0.089463,0.006344,0.10724,0.084523,-0.019542,0.030064,-0.082318,0.052387,0.00025547,-0.053621,-0.05448,0.00076045,0.18762,0.10239,-0.0010624,0.13042,-0.041131,0.13269,0.099556,0.077852,0.057244,-0.057342,-0.063009,-0.12451,0.099661,0.0082218,-0.13963,-0.016818,0.039537,0.12105,0.036543,0.040224,0.065737,-0.0056693,0.17534,0.076929,0.054624,-0.044339,0.03373,-0.033957,-0.17315
-0.09833,-0.045987,0.065035,-0.098577,0.13254,-0.23654,0.14263,0.069446,0.17064,-0.036262,0.0035872,0.13971,0.080894,-0.051817,0.14164,0.030281,-0.016541,0.12192,0.017324,0.14941,-0.016674,-0.035058,0.011418,0.070708,-0.095053,0.0031827,0.20884,-0.073294,-0.22535,0.12096,0.063047,-0.02974,0.018759,0.066433,-0.14434,0.037607,-0.14535,0.23411,-0.095273,-0.072611,-0.058041,0.023815,-0.096942,-0.097914,0.00059857,0.078405,-0.044616,0.041211,-0.25473,-0.036159,-0.092195,-0.049484,0.001522,-0.052924,0.033419,0.0080661,-0.11287,-0.06414,-0.11179,0.027041,-0.21,0.062008,0.068607,0.028358
0.078807,-0.087673,0.065472,0.035552,0.020669,-0.10345,0.038165,-0.035199,-0.029722,-0.079315,0.10229,0.14529,0.04993,-0.13136,0.10593,0.09621,-0.10663,-0.024845,-0.056389,-0.0037307,-0.060853,0.090438,0.049244,-0.0013003,0.0048034,0.18454,0.11919,-0.014924,-0.16329,-0.083702,-0.088022,0.0352,0.12247,-0.060869,-0.048286,-0.12662,0.10546,0.063384,-0.033928,-0.042361,0.057137,-0.19559,0.023687,-0.050307,0.0041001,0.015432,-0.078391,-0.2078,0.052984,-0.063102,-0.08311,0.12206,-0.20022,0.063458,0.048454,-0.1629,0.053962,-0.07462,0.046922,0.069914,-0.026771,0.093441,0.084682,-0.17526
0.14231,-0.098308,0.058598,0.068103,-0.070754,-0.064866,-0.037032,-0.10859,-0.025322,0.0065567,0.027827,0.076628,0.018958,-0.10505,0.09592,0.02586,-0.022599,-0.063698,-0.058746,0.016502,-0.0187,0.077407,0.09332,-0.054703,-0.074889,0.10233,0.0078187,0.14792,-0.018531,-0.22471,-0.015487,0.0051144,0.082736,-0.03052,-0.0023739,-0.14605,0.15519,-0.011193,0.024682,-0.12869,0.050969,-0.092297,-0.088701,-0.033856,-0.12597,0.13489,0.037884,-0.00529,0.14287,-0.069481,0.081025,0.069543,0.0083389,0.11762,0.13777,-0.070612,-0.10268,0.049918,0.036639,-0.15223,0.13651,-0.033072,-0.094336,0.079709
0.096258,-0.11815,0.0237,0.063127,-0.00017796,-0.10668,-0.073566,-0.058575,-0.01375,0.045593,-0.058343,-0.035677,0.070788,-0.047462,0.1292,-0.058741,0.09534,-0.071352,0.084806,0.10369,0.051473,-0.042264,0.12959,-0.12198,-0.15707,-0.021415,0.039108,0.047102,-0.053955,-0.16575,0.011615,-0.067433,-0.046456,-0.013748,0.097919,-0.064902,0.020795,-0.1529,0.11763,-0.11991,-0.072223,0.05806,-0.2244,-0.025362,-0.12544,-0.0086992,0.022618,0.16725,0.083398,-0.012707,-0.058675,0.074082,-0.087922,-0.096404,0.047375,0.10657,-0.030021,0.041474,0.054996,0.055781,0.095801,-0.24548,-0.02674,0.15387
0.0074484,-0.11981,-0.016302,0.12081,0.15757,-0.15311,-0.022534,0.1157,-0.089294,-0.013962,-0.015564,-0.15101,0.038771,-0.071337,0.096515,-0.046853,0.059984,-0.035608,0.21146,0.088545,-0.02572,-0.0055659,0.10573,-0.12465,0.017528,-0.013278,0.13205,-0.064338,-0.12417,0.046761,-0.14568,0.0074654,-0.12605,0.096352,0.14427,-0.012274,-0.058388,-0.24553,0.038593,0.0034815,-0.14866,0.021663,-0.070346,-0.080906,0.017968,-0.034938,-0.17966,-0.12963,-0.082183,-0.015499,0.0017575,0.0026503,0.01357,-0.12054,0.052554,0.067819,0.053014,0.12813,-0.05805,-0.074343,0.016097,-0.15605,0.14881,-0.10835
0.076357,-0.11045,-0.0060218,0.085062,0.027755,-0.05439,0.040068,0.016147,-0.10542,-0.058053,0.048864,-0.069527,-0.13744,-0.093912,0.061206,-1.6683e-05,-0.050214,0.02852,0.085762,-0.012928,-0.12264,0.11674,0.04827,-0.02116,0.15328,0.023158,0.1301,-0.12239,0.0024438,0.0056798,-0.19769,0.025819,-0.13885,0.032833,-0.024764,0.041054,0.11705,-0.033773,-0.18079,0.057228,0.097205,0.056452,0.067257,-0.059065,0.12184,0.21216,-0.21846,0.013581,0.02562,-0.1118,-0.044504,-0.0078566,0.0011699,0.028639,-0.19081,-0.0057445,-0.09458,-0.038146,-0.020767,0.044629,0.071692,0.12644,0.14789,0.18264
0.10112,-0.10461,0.0089467,0.016826,-0.091075,-0.018985,0.0144,-0.10923,-0.032321,-0.028734,0.033912,-0.015758,-0.25932,0.031927,0.072152,-0.086874,-0.043051,0.11592,0.006619,-0.011807,-0.094729,0.13825,-0.087268,-0.12702,0.048823,-0.064675,0.077883,0.10432,0.15194,-0.16322,-0.049666,0.0057959,-0.16515,-0.025277,-0.19685,0.040057,0.18528,0.11956,-0.048732,-0.087599,-0.047521,0.13754,0.13562,-0.055671,-0.016974,0.079879,0.070121,0.0047583,-0.010344,0.093488,-0.22512,0.12016,0.070588,0.21464,0.061354,0.017646,-0.0021135,0.040473,-0.059475,0.070253,0.013249,0.023905,-0.1531,-0.071527
0.052759,-0.10315,0.023467,-0.041051,-0.026084,-0.10617,0.015932,-0.0758,0.079931,0.0192,-0.015537,0.020962,-0.048583,0.029766,0.12403,-0.045122,0.063933,0.069204,0.043901,0.072037,0.024329,-0.040448,0.00013145,-0.022403,-0.15626,-0.17681,0.097649,-0.081344,-0.011602,-0.06876,0.081093,-0.12449,-0.081194,-0.0587,-0.21632,0.073628,-0.12265,0.026524,0.12432,-0.02124,0.069411,0.17161,0.032562,-0.083551,-0.20861,0.10215,0.12396,-0.035346,-0.055991,0.14805,-0.011987,0.099411,0.040299,-0.06227,-0.15304,0.075747,0.081697,-0.21453,0.026013,-0.11817,-0.075068,0.0017287,-0.19774,-0.023621
-0.15643,0.0037268,0.079186,0.045758,0.19487,-0.024162,-0.078829,-0.11235,-0.044858,0.075663,0.049026,0.10899,0.13057,-0.052831,0.073404,-0.028013,0.17728,0.00035392,0.10771,-0.18891,-0.1785,-0.024118,-0.091754,0.16303,0.038639,-0.083764,-0.025,0.009562,-0.022268,0.021867,-0.058898,-0.089499,-0.082856,0.11063,-0.053021,0.20977,0.14778,-0.0065587,-0.039586,0.023677,-0.081927,0.056139,-0.056264,0.25484,0.038425,0.028978,-0.081544,-0.0061533,0.0060105,0.056437,-0.023201,-0.011189,0.10384,0.096286,0.0077172,-0.02341,-0.11366,-0.064635,-0.17376,0.034414,0.075049,-0.19528,-0.049084,-0.0092162
-0.0043183,-0.038228,0.10934,0.059136,0.032572,-0.0067459,0.047175,-0.10075,-0.14964,-0.063844,0.02625,0.15095,0.12409,-0.15126,0.050761,-0.01471,0.013845,-0.062618,-0.035988,0.03744,-0.21341,-0.040621,-0.01741,0.13205,0.091797,0.11188,0.020354,0.085664,-0.028792,-0.0063679,0.035964,-0.074566,-0.04671,-0.089508,0.066035,0.076713,0.0029693,-0.002165,0.079256,-0.17737,0.053555,-0.14938,0.07912,0.11631,0.19067,-0.015444,0.021544,-0.017268,-0.035873,0.23369,-0.045799,0.013142,-0.075306,-0.11455,0.0084748,0.157,0.14341,-0.023584,-0.0049397,0.036959,0.040393,0.060036,-0.024746,0.030802
0.066441,-0.053266,0.13043,0.014022,-0.055971,-0.021615,-0.0092275,-0.08307,-0.0069827,-0.098332,-0.048774,0.04071,0.099316,-0.15414,0.055131,-0.10084,-0.026737,-0.080951,-0.11817,0.075796,0.0017774,0.055718,0.077777,0.050847,0.0038005,0.10241,-0.0089314,0.2087,-0.026309,-0.08113,0.11366,-0.076197,-0.048927,-0.11113,0.093943,-0.037814,-0.10604,0.0061847,-0.062227,-0.077466,0.07185,-0.12496,0.021401,-0.03443,0.056665,0.031034,0.1054,0.0057459,0.0041881,-0.038021,0.13994,-0.053102,0.2086,-0.15182,-0.03212,-0.011538,-0.098669,0.096161,0.05101,-0.062902,-0.0444,0.093146,0.0012688,-0.01843
-0.007322,-0.076836,0.084183,0.085139,-0.0012021,-0.025746,-0.06683,-0.086008,0.12198,0.02033,-0.055425,-0.10885,0.13218,-0.086531,0.1349,-0.12377,0.01882,0.019792,-0.12166,-0.023875,0.16678,-0.013685,0.10822,-0.019913,-0.070461,0.079865,-0.11262,0.052238,-0.067291,-0.11759,0.038588,-0.1423,-0.0096803,-0.063597,0.086368,0.011552,0.00087396,0.12383,-0.12346,0.11488,0.0030216,-0.064845,-0.070128,0.10147,2.4945e-05,-0.17258,0.082586,0.13008,0.0067882,-0.10925,-0.12759,0.037424,-0.002222,0.014572,-0.1993,-0.068961,-0.22111,-0.02095,0.016361,0.10689,-0.098317,0.02642,0.078148,-0.071449
-0.12083,-0.10543,0.018162,0.22019,0.051521,-0.034335,0.1015,-0.032493,0.046575,0.13789,0.047686,-0.12965,0.03006,-0.074332,0.1573,-0.016207,-0.035078,0.17757,-0.041062,-0.0917,0.00324,-0.19978,0.072572,-0.06986,-0.0086645,0.12229,-0.15332,-0.12161,-0.06469,-0.014,-0.018496,-0.064896,0.045422,0.14699,0.05406,-0.097033,0.020921,0.10653,0.08489,0.039607,-0.074934,-0.076901,0.029652,0.21983,-0.091869,-0.098878,0.019212,-0.047934,-0.10902,0.043731,0.040878,0.091282,-0.029684,0.10109,0.11949,-0.080986,0.097469,-0.007388,-0.15684,-0.09169,0.00013945,0.073671,-0.12252,-0.0145
-0.024605,-0.071546,0.053287,0.054047,-0.02807,0.015767,0.17158,-0.073345,-0.062454,-0.022192,0.019508,-0.022918,-0.13977,-0.072619,0.074578,-0.069452,-0.10446,0.12767,0.023376,-0.01609,-0.16443,-0.10697,-0.0089301,0.0098762,0.10025,0.10874,-0.040176,-0.18656,0.080192,0.090953,0.030317,-0.06518,-0.091526,0.074507,0.0067164,-0.15863,-0.077356,0.036977,-0.055653,-0.11097,0.16317,0.088952,0.043635,0.14518,0.071523,0.079696,-0.076626,0.094352,0.10779,0.0028186,0.25599,-0.073866,-0.14992,-0.13834,0.019218,0.055566,-0.044639,-0.1113,0.011139,-0.02352,-0.031992,-0.069723,-0.12672,0.057698
0.018031,-0.056278,0.087944,-0.092513,-0.073815,0.028531,0.03174,-0.10809,0.0051044,-0.13262,-0.037383,-0.004339,-0.26252,0.03583,0.050079,-0.23367,-0.024163,0.13882,0.026098,0.0052824,-0.063634,0.11273,-0.15274,-0.092695,0.059357,-0.017551,0.023371,0.12361,0.067735,-0.042633,0.095047,-0.080535,-0.2025,-0.017645,-0.0319,-0.056454,-0.075278,0.013976,-0.080744,-0.069463,-0.099102,0.011232,0.14958,-0.0013042,0.059867,-0.18582,0.067353,-0.014983,-0.011297,-0.0089187,-0.0086682,-0.022708,0.0053653,-0.17312,0.10221,-0.01723,-0.0068101,0.18503,-0.011586,0.039396,-0.034989,-0.050807,0.14513,-0.099841
-0.042109,-0.043368,0.080633,-0.055453,0.045927,0.0021579,-0.11695,-0.13238,0.080321,-0.0035298,-0.031948,-0.0051403,-0.029252,0.010496,0.083516,-0.14245,0.16373,0.025444,0.087104,-0.13198,0.034093,0.077715,-0.068653,0.076609,-0.038632,-0.16481,-0.018827,-0.062811,-0.050422,-0.10471,-0.0043173,-0.16258,-0.13362,0.010642,-0.079278,0.049717,0.027542,-0.13012,-0.057376,0.24202,0.10781,-0.027478,0.12108,0.051954,-0.12432,-0.02459,-0.015983,-0.074854,-0.076562,-0.13697,0.12082,0.14101,0.0067751,-0.017412,-0.19241,-0.0089857,0.044633,0.089236,0.075437,-0.07029,0.068609,0.080527,0.10935,0.055768
-0.12673,0.09879,0.021748,0.21089,-0.033993,-0.028614,-0.10441,-0.050522,-0.053305,0.145,-0.079033,0.11874,0.028335,-0.055635,-0.15501,-0.015227,0.056075,0.15207,0.063611,0.11003,-0.035637,0.15034,0.13869,-0.02498,0.097186,-0.10455,-0.17012,-0.11291,0.074044,0.050003,-0.018102,-0.051689,-0.051176,0.14642,-0.052269,-0.092533,0.054674,0.12965,-0.013734,-0.071888,-0.066388,0.068057,-0.038256,-0.18535,-0.077385,-0.12081,0.015896,-0.054851,0.14481,-0.0012252,0.051326,-0.080207,-0.039249,-0.079138,0.013431,-0.16236,-0.079094,0.067962,-0.15318,0.10602,-0.04624,0.011346,-0.1336,0.011362
-0.010675,0.069216,0.095568,0.071523,0.012954,-0.027454,0.059475,-0.098894,-0.12594,0.021406,-0.11363,0.024061,0.13704,-0.076555,-0.13177,-0.12738,-0.031082,-0.017389,-0.065037,0.1317,-0.1513,-0.042986,0.11252,0.012966,0.034978,-0.092397,-0.099893,0.071359,0.092273,0.13899,-0.083364,-0.071706,-0.004102,-0.063934,-0.081958,0.013023,-0.046497,0.061147,0.16549,-0.10478,0.057292,0.063453,0.059261,-0.051009,-0.0033242,-0.18865,-0.11725,0.093229,-0.038084,-0.083896,-0.11753,-0.063694,-0.0073078,0.15515,-0.15241,0.013631,0.21094,0.077726,0.019437,-0.14073,-0.083657,-0.014108,0.039514,0.075228
0.063482,0.04998,0.1322,0.015104,0.056451,-0.010858,0.0055604,-0.084893,0.007409,-0.097125,0.0087627,-0.064017,0.11066,-0.14288,-0.070143,-0.10437,0.0022181,-0.07366,-0.13653,0.04428,0.03897,-0.073516,0.056889,0.056629,0.079094,-0.027475,0.0098998,0.22085,0.040507,0.078969,-0.11761,-0.010936,0.035769,-0.097455,-0.094088,-0.031811,-0.1535,-0.024478,0.015214,0.10408,0.01946,0.11674,-0.016854,0.02049,0.048075,0.022982,-0.10237,-0.018473,-0.031999,-0.032572,0.13489,0.036037,0.21787,0.12185,0.078019,0.02998,0.092129,-0.11031,0.060639,0.046694,-0.090129,-0.027958,-0.024834,0.0298
-0.010129,0.02929,0.10337,0.069795,-0.044656,-0.0023623,-0.048044,-0.096833,0.16602,-0.056105,0.12336,-0.062789,0.13693,-0.13011,-0.056468,-0.017327,-0.028578,-0.023281,-0.027863,-0.025974,0.23232,0.045152,-0.010516,0.13236,0.1234,0.035036,0.01032,0.081657,0.023988,0.014807,-0.066085,-0.072044,0.042995,-0.071402,-0.068952,0.08628,0.010098,0.026702,-0.080297,0.17597,-0.050365,0.13402,-0.066139,-0.12513,0.20232,-0.042822,-0.039428,-0.018925,0.13054,0.19092,-0.040576,0.01396,-0.064023,-0.0061198,0.044055,0.15652,-0.16981,-0.080872,-0.0095701,0.00056826,0.019858,-0.023244,-0.043507,-0.045553
-0.16012,-0.016294,0.077337,0.055161,-0.1847,-0.051738,0.083581,-0.11606,0.069958,0.094826,0.099028,-0.0040578,0.13195,-0.03803,-0.060365,-0.022932,-0.15556,0.0094184,0.24868,-0.014754,0.13691,0.02703,-0.092219,0.15499,-0.052356,0.097315,-0.05603,0.00087186,0.022296,0.00060533,0.02169,-0.1152,0.095921,0.11379,0.04284,0.20224,0.16492,-0.025766,0.086447,-0.06493,-0.043983,-0.050176,0.060263,-0.22461,0.054622,-0.012034,0.079929,0.013793,0.014569,0.047329,-0.022599,0.0049561,0.11328,-0.030541,-0.070475,-0.044073,0.10632,0.093985,-0.18492,0.0027456,0.18476,0.092487,0.04835,0.022221
-0.041417,0.038727,0.084975,-0.057371,-0.035335,-0.0094153,0.11861,-0.13958,-0.067081,0.0019804,-0.012795,-0.024889,-0.037237,0.023289,-0.074622,-0.14725,-0.13886,0.016037,0.16595,0.0023197,-0.064224,-0.071566,-0.10011,0.053698,-0.14917,0.080837,-0.020622,-0.062892,0.06535,0.14603,-0.052336,-0.10582,0.13491,0.0078627,0.081158,0.042287,0.0097606,-0.13372,-0.011037,-0.19644,0.18863,0.051025,-0.14547,-0.032435,-0.082698,-0.022474,0.043037,-0.068565,0.014034,-0.15111,0.14852,-0.11917,-0.019533,0.15799,-0.13982,-0.017798,-0.036615,-0.052274,0.090066,0.069212,-0.022447,-0.15797,0.024815,-0.067257
0.015062,0.054028,0.090149,-0.091369,0.066799,0.042629,-0.024193,-0.10849,-0.012627,-0.13705,-0.0040409,-0.054053,-0.25258,0.048311,-0.055537,-0.23375,0.040994,0.14688,0.024172,0.0055306,0.04521,-0.025354,-0.19022,-0.10916,0.030475,0.053846,0.025653,0.13474,-0.056601,0.043729,-0.10646,-0.042179,0.17479,-0.004856,0.024165,-0.05654,-0.12617,-0.021616,0.063357,0.024352,-0.11631,-0.053266,-0.13161,0.020038,0.07433,-0.18891,-0.056786,-0.023929,0.016411,-0.034193,0.0014353,-0.0062876,0.006482,0.070797,0.17994,-0.048656,0.020215,-0.1778,-0.015004,-0.064298,-0.015045,-0.039752,0.156,0.094148
-0.031836,0.069844,0.050961,0.061277,0.022219,0.034576,-0.17232,-0.076261,0.059199,-0.019249,0.002364,0.014188,-0.12408,-0.057306,-0.088573,-0.059313,0.12516,0.14278,0.043084,0.0024164,0.14025,0.11299,0.020483,0.024284,0.14283,0.0017071,-0.061775,-0.17902,-0.079804,-0.049755,-0.077429,-0.083706,0.068261,0.094612,0.0030623,-0.1582,-0.075314,0.021303,0.018454,0.16298,0.11739,-0.072895,-0.027887,-0.15909,0.083405,0.041916,0.041007,0.11557,-0.091797,0.017273,0.25275,0.14215,-0.14115,0.014909,0.086411,0.14686,0.040393,0.0447,0.0023004,0.035654,0.033419,0.13506,-0.042146,-0.052511
0.00049948,0.1221,-0.017333,0.12182,-0.13368,-0.17056,0.0061458,0.11263,0.070329,-0.0066222,-0.15032,0.063906,0.033192,-0.055572,-0.11759,-0.059532,-0.051946,0.0079508,0.051646,-0.21627,0.0073479,0.0063111,0.11415,-0.13791,-0.0076302,0.014062,0.12889,-0.09269,0.11193,-0.026099,0.1434,-0.058911,0.12195,0.083195,-0.13851,-0.0080332,-0.055568,-0.20072,-0.15788,-0.069795,-0.12997,-0.067285,0.088717,0.063177,0.032652,-0.018186,0.1976,-0.084142,0.059513,-0.063506,-0.0085404,-0.023114,0.0078399,0.014628,0.096182,0.028486,-0.040675,-0.17376,-0.050498,0.064411,0.058291,0.0046592,0.20766,0.10886
0.090348,0.12171,0.031646,0.060784,0.026031,-0.10217,0.06231,-0.067501,0.012649,0.050433,-0.065844,-0.025846,0.074901,-0.027857,-0.1345,-0.068545,-0.098984,-0.048216,-0.035622,-0.11806,-0.04567,-0.00051614,0.14675,-0.11011,-0.11285,-0.12092,0.045459,0.063342,0.055851,0.18508,-0.02602,-0.015148,0.051756,-0.013338,-0.10781,-0.045829,0.055008,-0.087588,-0.15015,0.074855,-0.097862,-0.061589,0.20988,0.0061052,-0.1658,-0.017688,-0.046881,0.16131,-0.073557,0.038511,-0.04196,-0.10093,-0.1044,-0.0040498,0.061326,0.07245,0.02904,-0.094361,0.034007,-0.02632,0.22528,0.11163,0.091607,-0.15349
0.13793,0.10103,0.062121,0.068273,0.076281,-0.053065,0.033151,-0.10989,0.036598,0.0057706,0.08251,-0.017392,0.033106,-0.08979,-0.10852,0.019657,0.016383,-0.060053,-0.04865,0.026692,0.044349,-0.10239,0.06551,-0.039385,0.047947,-0.10831,0.03691,0.17134,0.02351,0.20962,0.025029,0.050079,-0.058097,-0.02613,-0.023724,-0.14561,0.15903,-0.010244,0.0052542,0.13811,-0.020935,0.12633,0.069059,0.031194,-0.13959,0.12876,-0.011502,-0.0081779,-0.15253,0.030292,0.091447,-0.055925,-0.0059759,-0.10184,0.023044,-0.16279,0.12413,0.017487,0.040524,0.18172,0.099383,-0.0066309,-0.058104,-0.081645
0.07083,0.085679,0.066661,0.031458,-0.022369,-0.1013,-0.048308,-0.034664,0.046231,-0.078446,0.17771,-0.00024227,0.076667,-0.10924,-0.12242,0.090227,0.097043,-0.026144,-0.029085,0.028821,0.083081,-0.081284,0.019546,0.016985,0.16123,-0.086199,0.15194,-0.014632,0.15804,0.070262,0.084745,0.022745,-0.097709,-0.065575,0.03528,-0.13408,0.082716,0.036592,0.063044,0.063755,-0.0067352,0.20958,-0.029215,0.057129,0.041144,0.033569,0.12407,-0.19102,-0.053197,-0.014517,-0.070348,-0.094835,-0.22153,-0.01703,0.029286,-0.10933,-0.032012,0.14157,0.057148,-0.10642,-0.087439,-0.10177,-0.00049298,0.16274
-0.10855,0.036365,0.068295,-0.10455,-0.10456,-0.23968,-0.15704,0.042452,-0.16574,-0.0078509,0.12214,-0.071323,0.10796,-0.018612,-0.14936,0.031827,-0.00076348,0.13608,-0.089783,-0.077487,0.010093,0.050872,0.026105,0.080742,-0.06343,-0.067275,0.20914,-0.076425,0.22514,-0.12058,-0.074365,-0.017288,-0.02283,0.05892,0.16858,0.024072,-0.16089,0.15661,0.14824,0.050227,-0.068103,-0.038926,0.1139,0.051747,-0.0036056,0.10944,0.026121,0.041099,0.20567,-0.14459,-0.11182,0.009339,0.028091,-0.02844,0.062742,0.095781,0.10993,0.011895,-0.11062,-0.085351,-0.20229,0.031274,0.041757,-0.031037
0.049541,0.10395,0.028067,-0.041561,0.045434,-0.094555,-0.015497,-0.090164,-0.070593,0.026181,0.019407,-0.023345,-0.043245,0.054607,-0.11819,-0.048027,-0.052665,0.079461,-0.01619,-0.052033,-0.0356,0.03554,0.0038161,-0.036554,-0.23412,-0.026885,0.086728,-0.060213,0.01931,0.10211,-0.11768,-0.052899,0.083528,-0.060692,0.23797,0.081134,-0.064346,0.078481,-0.11161,0.043715,0.060665,-0.17172,-0.066787,0.038225,-0.22078,0.13466,-0.079903,-0.063475,0.10518,0.11159,0.011351,-0.089132,0.010976,0.070472,-0.0661,0.21369,-0.10417,0.13325,0.016933,0.12651,-0.058269,0.16778,-0.12551,0.02122
0.096308,0.10857,0.012555,0.018707,0.089853,-0.0025143,-0.0071771,-0.10428,0.026556,-0.03938,0.023449,0.020116,-0.24879,0.050082,-0.081835,-0.088821,0.06617,0.12807,0.022542,0.022958,0.081316,-0.075269,-0.14908,-0.15371,-0.0037293,0.061609,0.080229,0.12492,-0.15373,0.13715,0.048048,0.0016088,0.18233,-0.022412,0.1694,0.02673,0.16874,0.080057,0.16098,0.076193,-0.067616,-0.13588,-0.14748,0.052193,-0.0050827,0.1064,-0.070699,-0.0081358,0.037244,0.1035,-0.19221,-0.13841,0.045886,-0.14396,-0.11422,-0.12127,-0.00017779,-0.013504,-0.079071,-0.047636,0.034848,0.060993,-0.13782,0.074555
0.068744,0.11456,-0.0074375,0.091191,-0.034804,-0.056149,-0.044619,0.028836,0.095023,-0.064499,-0.028381,0.063266,-0.12721,-0.081862,-0.092174,-0.0049938,0.067869,0.053381,0.062523,-0.063743,0.1081,-0.097127,-0.0006951,-0.047832,0.11923,0.10862,0.13275,-0.1397,-0.010013,-0.003197,0.18174,-0.065353,0.14758,0.037262,0.02231,0.016039,0.064608,-0.10582,0.1487,-0.016004,0.12265,-0.027335,-0.047533,0.03938,0.17207,0.2235,0.17376,0.063067,-0.10055,-0.095766,-0.042438,0.02891,-0.0055194,0.096269,-0.15559,0.074282,0.082902,0.039895,-0.0095877,-0.056571,-0.021687,-0.19989,0.025588,-0.16633
