0.0017461
0.00083361
0.0041042
0.0018238
0.0016868
0.0022674
0.0010864
0.0028194
0.0017405
0.00093258
0.00083839
0.0022027
0.0022766
0.0016316
0.004097
0.0016487
0.00093771
0.0017379
0.00176
0.0012456
0.0013102
0.0019285
0.0016089
0.0026006
0.0016044
0.0010609
0.0028609
0.0036485
0.001631
0.001139
0.0030297
0.0013829
0.0027988
0.0017871
0.0018734
0.001929
0.0019094
0.0017861
0.0023971
0.0012122
0.0013986
0.0017279
0.0015195
0.0025292
0.0016437
0.0010542
0.0031563
0.0025275
0.0028546
0.0018992
0.00082909
0.0027374
0.0022199
0.0015504
0.0011875
0.0013215
0.0016157
0.0014414
0.0012955
0.001878
0.0015077
0.0022706
0.0017759
0.0011978
0.0018654
0.0019503
0.0016176
0.0012128
0.0012347
0.0016799
0.001436
0.0017486
0.0010813
0.0024981
0.0026036
0.0022452
0.0037876
0.0026423
0.002383
0.0017476
0.001382
0.001329
0.0018036
0.0017865
0.0015426
0.0026181
0.0015583
0.0019708
0.0010164
0.0013788
0.0047821
0.0016136
0.0038198
0.0019478
0.0017511
0.0012414
0.0011309
0.0017719
0.0029815
0.0018178
0.002154
0.0030508
0.0016351
0.0038557
0.0012661
0.0014716
0.0012953
0.0010015
0.0013956
0.0025505
0.0018533
0.00088369
0.0017297
0.001536
0.0022653
0.0017638
0.0025455
0.0019763
0.0028617
0.0019406
0.0024631
0.0020999
0.0019891
0.0011354
0.0010649
0.00096587
0.0014737
0.00090812
0.0021982
0.0022137
0.00076084
0.0014572
0.0022083
0.0014602
0.0015912
0.0012501
0.0011202
0.00081222
0.0012865
0.0022296
0.0014295
0.0027919
0.0014778
0.0016707
0.0030493
0.0032755
0.0015453
0.0015929
0.00091498
0.001318
0.0012266
0.00083003
0.0016518
0.0012171
0.0011926
0.0017297
0.0027235
0.0018091
0.0014978
0.0019576
0.0028574
0.00085263
0.0012968
0.0032816
0.0030315
0.0021233
0.0018549
0.0018414
0.0004531
0.0019081
0.0010614
0.00093015
0.0012634
0.0035852
0.0014387
0.0010808
0.0013265
0.0013635
0.0037561
0.0012019
0.0018726
0.0012058
0.0012079
0.0012199
0.0026458
0.0027476
0.0021539
0.0015479
0.0016382
0.0018039
0.0024023
0.0012501
0.0016603
0.002057
0.0023279
0.0019629
0.0014433
0.0010895
0.0020985
0.0032428
0.0012776
0.0026733
0.0031798
0.0021319
0.0016986
0.0013452
0.0021357
0.0022003
0.0040089
0.0023211
0.0024165
0.0013478
0.0032007
0.0021656
0.00075804
0.0012755
0.0019092
0.0014548
0.0030025
0.0035001
0.0006055
0.0022491
0.0017218
0.0020373
0.0018581
0.0016196
0.0015743
0.0027691
0.0015178
0.0022265
0.0029637
0.0025418
0.0041998
0.0021827
0.0039984
0.0015949
0.0011538
0.002512
0.0029356
0.0028493
0.0019059
0.0017264
0.0013526
0.0015086
0.0017547
0.0018324
0.00093181
0.00164
0.0012234
0.00093634
0.0008495
0.0020077
0.0018387
0.0010724
0.0021067
0.0031514
0.0013269
0.0015198
0.0028908
0.0024664
0.0014766
0.0033335
0.0017256
0.0015594
0.0019054
0.0013821
0.000594
0.001536
0.003103
0.00096008
0.0016063
0.0022455
0.0011154
0.0052855
0.0057153
0.0010624
0.0015271
0.0025242
0.0010785
0.0031402
0.0015273
0.0013729
0.003349
0.0015079
0.0019666
0.0029952
0.0019343
0.0028786
0.0010955
0.0055725
0.0035365
0.0012583
0.0026124
0.003101
0.00067865
0.001738
0.0016209
0.0016129
0.0020906
0.0033096
0.0022508
0.0016268
0.00098958
0.0018736
0.0024351
0.00086841
0.0013935
0.00077588
0.0022326
0.002007
0.00093917
0.0019307
0.0036395
0.0032422
0.00269
0.002831
0.0021325
0.0017389
0.0017496
0.0016554
0.0014059
0.00059271
0.00031263
0.0014315
0.0020969
0.0013713
0.0018687
0.0027107
0.0016776
0.0014772
0.0023509
0.0026848
0.0021879
0.0024646
0.0012294
0.0024933
0.00074321
0.0033193
0.00087371
0.0029706
0.0011546
0.003516
0.00096605
0.0027864
0.0029246
0.002613
0.0010241
0.0018992
0.0011087
0.0010172
0.0024241
0.0018091
0.0012231
0.0013581
0.0021578
0.0032003
0.0017666
0.00069406
0.00073741
0.0015051
0.0024931
0.0016743
0.0018393
0.00096954
0.004129
0.001144
0.0011964
0.0021119
0.003897
0.0029891
0.0038139
0.0019371
0.0032625
0.00069746
0.0018011
0.0047106
0.0021639
0.0019048
0.001286
0.00074728
0.0043594
0.0037734
0.0020296
0.00169
0.0014181
0.0013948
0.0013691
0.0012083
0.00099278
0.0023459
0.0014151
0.00094082
0.0023366
0.0018303
0.00051021
0.0017644
0.0011013
0.0027473
0.0017292
0.0025576
0.0012251
0.0015506
0.00096613
0.0034257
0.0027514
0.0011399
0.0010066
0.0018074
0.0021799
0.0015017
0.00149
0.003729
0.0012864
0.001744
0.0022732
0.0030805
0.0015579
0.0012842
0.0019121
0.0030801
0.0011935
0.00096678
0.00081354
0.0013452
0.00064313
0.0012789
0.0034028
0.0013454
0.002027
0.001854
0.0035886
0.0017639
0.0014153
0.0010304
0.0014073
0.003848
0.0031454
0.0018417
0.0017489
0.0014082
0.0016945
0.001352
0.00090206
0.0011289
0.0026093
0.002671
0.0015937
0.0038974
0.0038538
0.0019641
0.0018523
0.0011441
0.0013255
0.0014375
0.0028237
0.0015132
0.0024125
0.00086542
0.0022128
0.0026196
0.0024537
0.0024179
0.0020297
0.0015653
0.002155
0.0030525
0.0017262
0.0014569
0.0012451
0.0035533
0.0027833
0.0029429
0.0031484
0.0034969
0.0012914
0.0029951
0.0025875
0.00084095
0.00098234
0.0028649
0.0012381
0.0031828
0.001912
0.0021137
0.0012887
0.0016986
0.0044314
0.002307
0.0028751
0.0015024
0.00067573
0.003039
0.00056339
0.0039055
0.0018819
0.0026124
0.0017986
0.0025724
0.002739
0.0013984
0.0015397
0.0010593
0.0019147
0.0033628
0.0020837
0.0010935
0.0020996
0.0011183
0.0011747
0.0017244
0.0013126
0.0022927
