-0.0085702,0.044616,-0.14419,0.14599,-0.12215,-0.15476,0.0010162,-0.038451,0.0035779,-0.083768,-0.069607,0.16121,-0.11499,-0.15921,-0.016629,0.020626,-0.0010072,0.079364,-0.033202,0.041389,-0.13563,0.031147,-0.078242,0.13609,-0.019682,-0.090081,-0.035339,0.1327,0.10721,-0.09324,-0.07345,-0.13756,-0.017884,-0.12353,0.23383,0.080641,0.0026386,-0.047088,-0.015773,-0.18903,-0.039524,0.090211,-0.15125,0.09477,-0.013778,0.0043024,-0.095467,0.091954,-0.085102,-0.024488,0.24025,-0.0041314,-0.047098,-0.0074466,0.082321,-0.12287,0.095533,0.05046,-0.067269,-0.050748,-0.15187,0.018558,0.12833,0.12255
-0.11009,0.080741,-0.058335,0.094315,0.015593,-0.044919,0.026317,0.016722,0.0054605,0.0073902,0.0834,0.037602,-0.030287,-0.16658,0.056868,0.00033512,-0.0071921,0.05176,-0.013339,-0.0061898,-0.058367,-0.0015704,0.014302,-0.035103,0.25537,-0.015543,0.043474,0.024369,0.14857,0.058885,-0.026972,0.075935,-0.079528,0.079088,0.17244,0.12405,-0.090117,0.078765,0.055306,-0.14303,-0.020192,0.020134,0.045132,0.15936,-0.12029,-0.14839,0.14576,-0.087855,0.0077598,0.014169,0.066551,0.15477,-0.14063,-0.017729,0.042071,-0.097227,0.011539,0.00051244,0.12493,0.10305,-0.026081,-0.071088,0.07043,0.088342
-0.10512,0.094352,0.095618,-0.023727,0.089704,0.075336,0.0072718,0.079913,0.33534,0.029605,0.12898,-0.043481,0.020708,-0.11889,0.093503,0.11838,0.011067,0.11264,-0.010906,0.067033,0.020303,-0.097181,-0.11317,-0.040997,-0.070389,-0.0010542,0.095129,0.061602,0.11318,0.11915,0.031141,0.062476,0.04693,0.19499,0.076043,0.032648,-0.14651,-0.10186,-0.034679,0.034927,0.0063512,0.11509,-0.049323,-0.00044858,-0.13702,0.039747,4.163e-05,-0.1556,-0.10946,0.070058,0.070469,0.15092,-0.05001,-0.13993,-0.030542,0.1325,-0.041511,-0.052931,-0.034572,-0.019699,0.11322,-0.064368,0.0099453,0.13374
-0.13272,0.097652,-0.1032,-0.042949,-0.0081077,-0.011031,-0.030372,-0.075395,0.073,-0.019168,0.045513,-0.12267,-0.058758,-0.047711,0.014363,-0.064175,-0.022251,0.083248,-0.054103,0.080202,0.05316,-0.10144,-0.15979,0.073697,0.01967,0.040269,0.018329,-0.16216,0.067815,-0.027225,0.028362,-0.088748,-0.073459,0.17283,-0.029982,0.0016902,-0.062539,0.017084,-0.22014,0.050173,0.0054457,0.057645,-0.13008,-0.035672,-0.13318,0.061448,-0.063482,-0.050084,0.12817,0.076211,-0.059043,-0.017783,-0.023862,-0.030505,0.1638,0.089988,-0.094757,0.056691,-0.17761,0.040687,-0.05968,0.14388,-0.057442,0.022369
-0.045553,0.077159,-0.17626,-0.059963,-0.14318,-0.065858,-0.018016,0.056704,-0.039573,-0.017672,-0.031847,-0.17098,-0.082294,-0.089448,0.085136,-0.1163,-0.091549,0.098435,-0.089285,-0.095318,0.090101,0.010131,-0.17541,0.042702,0.042432,-0.032371,-0.034719,0.063516,0.13823,-0.20039,-0.1098,-0.070654,-0.0057685,0.041073,-0.13405,-0.10975,0.049261,0.022761,-0.11158,0.15649,-0.046772,-0.045733,-0.11169,0.14578,-0.072391,-0.066255,0.03994,0.23025,-0.038494,-0.12201,-0.0048911,-0.065149,0.098134,0.04723,-0.029947,0.10883,0.10076,0.027278,-0.095079,0.078233,-0.12091,-0.038458,-0.18487,-0.0017424
-0.12478,0.077455,-0.1046,0.01316,-0.023151,0.010734,-0.013731,0.067779,-0.076135,0.086813,0.048005,-0.071402,-0.11579,-0.083758,0.091979,0.027593,-0.06516,-0.10051,-0.030299,-0.1194,0.047787,-0.050068,-0.036475,-0.06409,0.16271,-0.042562,-0.066493,0.09529,0.14059,-0.0020362,-0.036699,0.13234,0.11448,-0.079115,-0.13581,-0.054647,-0.042592,-0.021444,0.020662,0.082025,-0.054836,0.0171,0.021891,0.13135,0.10482,-0.25646,-0.017398,0.085868,-0.12862,-0.012061,-0.11206,0.13964,-0.0044746,0.10441,-0.091389,-0.036943,-0.09075,-0.021106,0.096299,-0.12112,0.034454,0.036644,-0.13881,-0.086688
-0.15656,0.082189,-0.063286,0.022434,0.056543,0.066847,-0.039357,-0.038952,0.026102,0.1123,0.062655,-0.0076373,-0.11645,-0.044362,-0.012322,0.12879,-0.0099794,-0.1691,0.013481,0.011798,0.017145,-0.17302,-0.012065,0.014976,0.0052264,-0.044411,-0.066858,0.057987,0.067827,0.15355,0.043686,0.074527,0.14777,-0.12319,-0.09112,-0.018226,-0.15773,0.058478,-0.14824,-0.002643,-0.074192,-0.0017207,0.064937,-0.09657,0.18139,-0.073523,0.009207,-0.0069397,-0.047048,0.088433,-0.027473,0.12177,0.1617,-0.042632,-0.033996,0.20542,0.10542,-0.045479,0.018178,-0.020287,0.10791,0.071872,0.067734,-0.1618
-0.13355,0.079066,-0.11148,0.057859,-0.020789,-0.020829,-0.066509,-0.12854,0.033307,0.030003,-0.0059785,0.028661,-0.11256,-0.041731,-0.060994,0.083344,0.017646,-0.049291,-0.016319,0.090419,0.0059736,-0.1446,-0.059543,0.14774,-0.046371,-0.072117,-0.054313,-0.065227,0.045734,0.093558,0.057295,-0.096033,0.024099,-0.12881,0.044861,-0.012432,-0.11756,-0.10861,-0.079106,-0.075126,-0.077112,-0.11954,-0.1463,-0.079312,0.082839,0.088723,0.026032,-0.039526,0.035476,0.02757,0.036423,0.008995,0.21544,0.13506,0.11029,-0.013244,-0.12357,0.034447,-0.18296,0.079861,0.051946,-0.052847,0.1232,-0.02812
0.066182,-0.003635,-0.18288,0.079435,-0.1699,0.032286,-0.11527,-0.098234,-0.055907,-0.00057632,0.095745,0.019708,0.037808,-0.049435,-0.03034,0.0091024,-0.18955,0.096529,0.1196,0.052094,0.095715,0.024839,0.16168,0.064272,-0.10642,0.06354,0.1126,0.10456,0.1304,-0.103,-0.16583,-0.030898,-0.024565,0.079326,0.032369,0.13213,-0.06827,0.029524,0.12384,0.18804,0.0422,0.10607,0.030424,-0.12831,-0.10502,0.10432,0.010723,0.097036,-0.068393,0.0093446,0.0055407,0.025777,-0.10467,-0.013576,0.10023,0.071148,0.019389,0.046791,0.087057,-0.16723,0.18258,0.022357,-0.15321,0.059479
-0.018577,0.017631,-0.050357,0.16356,-0.094325,0.030058,0.026181,0.012833,-0.017368,0.051683,0.09739,0.034141,0.024491,-0.057536,0.12436,-0.044715,-0.027918,0.086251,0.12362,-0.11367,0.037152,-0.064498,0.18421,-0.0090096,0.19696,0.080662,0.13752,-0.088644,0.10083,-0.014375,-0.083193,0.058922,-0.05594,0.022782,0.062654,0.061262,0.071416,0.067616,-0.025877,0.014306,0.1494,-0.056331,0.1368,-0.11485,-0.18157,-0.0825,0.065333,0.082935,0.10928,-0.030114,-0.10982,0.071678,0.065103,-0.1466,0.069881,-0.028532,-0.045931,0.057889,0.01171,0.17201,-0.07487,0.031929,0.020666,-0.13039
-0.023859,0.051689,0.14161,0.12395,0.057228,0.088355,0.0097018,0.13505,0.3316,0.015225,0.057915,0.016866,0.002521,-0.079562,0.20592,0.069036,0.015183,0.15922,-0.027415,0.031079,0.0080058,-0.034561,0.0056506,0.017142,-0.038183,-0.012219,0.1046,-0.010779,0.035266,0.007507,-0.038243,0.10333,0.088579,0.090389,0.11298,-0.046066,0.15708,-0.062734,0.0025608,0.031909,-0.027018,0.039795,0.013163,-0.010729,-0.089707,0.02466,-0.0038801,-0.028298,0.02508,-0.099413,-0.075672,0.0014077,0.086308,-0.062553,-0.18968,-0.090507,0.067078,0.0023727,-0.052995,-0.0009992,-0.050623,-0.048147,-0.025771,-0.065819
-0.041802,0.077866,-0.086817,0.059727,0.080313,0.074341,-0.012822,-0.069383,0.042358,-0.099542,0.086168,-0.061859,-0.045079,-0.093486,0.068986,-0.086206,0.0067557,0.11143,-0.052399,0.20278,-0.0069721,0.056022,-0.022362,-0.038,0.016519,-0.0261,-0.052768,-0.23981,-0.0010538,-0.050796,-0.052258,0.079133,-0.049933,0.11092,0.04915,-0.096034,0.042909,0.13138,0.030026,-0.10114,-0.17966,0.085313,0.0049599,-0.052874,-0.012959,0.046166,-0.057611,-0.041185,0.18782,0.08317,-0.13426,-0.073223,-0.022197,0.13307,-0.12105,-0.078193,0.033403,0.071149,0.08644,-0.10416,-0.016068,0.045765,0.077569,-0.076589
0.049013,0.066135,-0.21198,-0.062137,-0.032887,0.08443,0.10565,-0.03101,-0.05814,-0.12103,0.11282,-0.10862,-0.016123,-0.12607,0.021095,-0.074583,0.095491,0.092191,0.12457,0.061664,-0.06894,0.041415,-0.015915,-0.18111,-0.16742,-0.075581,-0.14201,-0.019459,0.072837,-0.061299,-0.1849,-0.0084669,0.018506,-0.10749,-0.073309,-0.14024,-0.069807,0.0045578,0.16151,-0.098368,-0.054051,-0.054105,0.063263,-0.16806,-0.005766,0.10164,-0.021194,0.1106,-0.055456,0.029728,0.071753,0.023298,0.10302,0.073035,-0.031111,0.012978,0.049243,0.070679,0.18821,0.1102,0.14793,-0.014971,0.11378,0.031822
-0.040677,0.033897,-0.11129,0.05396,-0.049869,0.11172,0.11383,0.065047,-0.092245,0.032949,0.0095957,-0.064354,-0.11568,-0.0057997,0.13177,0.044843,0.13128,-0.12367,0.12861,-0.11295,-0.076568,-0.051644,0.061777,-0.11835,-0.035508,-0.022879,-0.084998,-0.018006,0.059062,0.0034929,-0.04012,0.072925,0.13503,-0.18309,-0.016098,0.012278,0.071415,-0.15081,0.073138,-0.079007,0.13078,0.040337,0.029322,-0.11362,-0.024048,-0.0012972,-0.04594,0.019855,-0.035746,-0.051334,-0.030577,0.11047,-0.0081135,-0.060666,0.10025,-0.16645,-0.19517,0.032326,-0.074303,-0.13478,-0.066675,-0.012921,0.039908,0.10944
-0.083185,0.043039,-0.040949,0.12124,0.036752,0.12679,-0.015021,0.038784,-0.0095723,0.085217,-0.071083,-0.00478,-0.18586,0.052696,0.11464,0.10772,-0.0088514,-0.1983,-0.026064,0.0083522,-0.04472,-0.084767,0.046563,0.046804,-0.092626,0.0072099,-0.041094,-0.00039369,0.00042453,0.0011773,0.03351,0.12665,0.19639,-0.077848,-0.0092384,0.05568,0.16059,0.066229,-0.10861,-0.034649,-0.068936,-0.0080262,0.022371,-0.086835,0.10135,0.076579,0.024452,0.024828,0.05822,-0.067205,-0.067505,0.019681,-0.063184,-0.16884,-0.036079,-0.078428,0.2493,-0.027305,-0.044856,-0.014422,-0.074552,0.029085,0.046877,0.01474
-0.052195,0.044066,-0.11793,0.082601,-0.0053752,0.1039,-0.14859,-0.089157,-0.02597,0.029243,-0.0015393,-0.0072592,-0.10593,0.017517,0.013868,0.077309,-0.17246,-0.072952,-0.053319,0.16717,0.010672,-0.013569,0.064266,0.12373,-0.087807,0.0024432,0.0053995,-0.054269,0.019936,-0.036897,0.013636,0.069406,0.061287,0.043792,-0.0087153,0.12897,0.0096496,-0.022173,0.10138,0.13394,-0.19499,-0.059772,-0.12827,-0.054252,0.12276,0.13977,0.043926,-0.0081122,0.09175,-0.0097857,0.020491,-0.026301,-0.1016,0.056955,-0.097043,-0.12624,-0.043832,0.014017,0.089289,0.072067,-0.0041575,-0.054325,-0.15239,0.058038
0.054535,-0.06509,-0.21003,-0.060484,0.048357,0.088406,-0.072822,-0.028104,-0.068538,0.089071,0.14671,0.11271,0.084433,0.076926,0.035745,-0.089243,-0.092764,0.092733,-0.10301,-0.045019,-0.10479,-0.053498,-0.031362,-0.15584,-0.11774,0.20306,0.073817,0.044115,-0.06125,0.0078951,-0.19198,-0.028533,0.012774,0.093267,0.061906,-0.14671,-0.041219,-0.15224,-0.10284,-0.098728,0.054319,0.029791,0.14468,0.11885,0.0050538,0.082526,0.0085154,-0.096794,-0.067632,0.013392,-0.085197,-0.01925,0.089137,0.053864,-0.075723,-0.015411,0.059169,0.062136,-0.16238,-0.11211,0.1627,0.071224,0.13274,0.039203
-0.032228,-0.086224,-0.078764,0.050916,-0.088916,0.069669,0.027836,-0.06527,0.036852,0.071059,0.11176,0.041441,0.055716,0.090465,0.071826,-0.083345,-0.0076097,0.086588,0.064098,-0.20699,-0.068403,-0.029908,-0.020392,-0.017218,0.035608,0.11277,0.057673,-0.2249,-0.010528,0.044644,-0.046141,-0.078147,-0.040978,-0.12142,-0.055444,-0.063958,0.044366,0.061694,-0.13167,-0.11477,0.17715,-0.069449,0.03271,0.049749,0.03012,0.030858,-0.072879,0.057333,0.20644,0.11279,0.059709,0.10156,0.0092581,0.1206,-0.12662,0.017648,0.013271,0.07247,-0.060849,0.11065,-0.00014923,-0.044048,0.088893,-0.090869
-0.017514,-0.054875,0.14294,0.10967,-0.074779,0.094031,-0.018021,0.1421,0.32499,-0.028232,0.057381,-0.019365,0.093747,0.030686,0.19729,0.069389,-0.034864,0.14708,0.039266,-0.045941,-0.0010597,0.064109,0.0049659,0.0050813,-0.051505,-0.081825,0.046058,-0.031834,-0.02253,-0.0079758,-0.013064,-0.12458,0.086189,-0.093782,-0.12045,-0.027322,0.12522,-0.01154,0.079492,0.026486,0.034786,-0.045503,0.020911,0.015589,0.093134,0.014035,-0.026994,0.017896,0.029867,-0.069262,0.11168,-0.019995,0.074361,0.21403,0.049951,0.066269,0.0023754,0.0074664,0.035106,-0.0041335,-0.067089,0.032711,-0.04345,-0.071561
-0.014958,-0.022097,-0.054899,0.17251,0.07746,0.02697,-0.019441,0.018441,-0.017239,-0.077497,0.076196,-0.035596,0.084534,-0.0093828,0.1151,-0.04729,0.034733,0.10154,-0.12936,0.079879,0.043562,0.080933,0.17801,-0.031287,0.15329,-0.15753,-0.053033,-0.12627,-0.1209,-0.0045891,-0.077475,-0.068486,-0.052113,-0.027719,-0.05154,0.062406,0.051341,0.046068,-0.035501,0.02321,-0.15807,0.043511,0.18123,0.02965,0.1874,-0.10883,0.05752,-0.05827,0.10789,0.030725,0.059439,-0.1194,0.047742,-0.045617,0.13181,0.063869,-0.077825,0.060414,-0.025552,-0.18829,-0.047872,-0.051835,0.017828,-0.1068
0.068312,0.0042696,-0.18301,0.11143,0.15723,0.0029705,0.12495,-0.10115,-0.040182,-0.028156,0.078134,0.0013655,0.060762,-0.0045947,-0.033948,0.018265,0.17907,0.11172,-0.13431,-0.087823,0.039817,0.00082622,0.16448,0.065279,-0.14822,-0.11841,-0.026826,0.072518,-0.12472,0.042653,-0.19149,0.0067526,-0.002081,-0.070174,-0.021141,0.14902,-0.052322,-0.094149,-0.088173,0.18251,-0.030905,-0.12337,0.075429,0.10898,0.10617,0.074951,0.020792,-0.10334,-0.073315,0.033696,0.00051346,0.0020071,-0.095541,-0.11011,0.023243,-0.024469,0.063879,0.053031,-0.083277,0.17516,0.1771,0.029646,-0.13802,0.052563
-0.046707,-0.058162,-0.11141,0.086125,-0.010962,0.081283,0.15995,-0.085847,-0.015091,-0.030369,-0.018942,-0.018161,-0.058235,0.10934,0.0039549,0.095262,0.16024,-0.089062,0.038971,-0.14468,-0.039586,0.057759,0.060728,0.13033,-0.091234,0.019107,0.023065,-0.051219,-0.015424,0.032967,0.023549,-0.067991,0.061829,-0.022137,0.01803,0.13883,0.0087074,-0.07762,-0.014686,0.12261,0.20901,0.068111,-0.061452,0.12849,-0.10552,0.13704,0.0585,-0.0056642,0.095706,-0.021807,0.011575,0.057852,-0.10352,0.10022,-0.10182,0.032555,-0.089259,0.0046951,-0.096693,-0.074297,-0.0019623,0.042869,-0.14393,0.060512
-0.076617,-0.056407,-0.038542,0.10887,-0.051475,0.12755,0.028495,0.047982,-0.013355,-0.062456,-0.093551,-0.050109,-0.10025,0.15743,0.10499,0.10906,-0.0040655,-0.20201,0.0084726,0.038125,-0.036697,0.11082,0.035421,0.031216,-0.073296,0.052372,-0.0065918,0.011959,0.016591,0.014957,0.063322,-0.14482,0.17058,0.092434,0.013112,0.047178,0.12615,0.14673,0.022846,-0.03702,0.047075,-0.0024631,0.086441,0.078297,-0.088352,0.065951,0.015426,-0.034013,0.073387,-0.039507,0.087884,-0.0069399,-0.08669,0.095277,0.15561,0.19082,0.16854,-0.019818,0.037024,0.00099513,-0.068617,-0.044487,0.03602,0.013683
-0.034648,-0.043374,-0.11615,0.048552,0.048052,0.1209,-0.0876,0.074011,-0.1018,-0.032241,0.0045222,0.02988,-0.032188,0.11218,0.13635,0.024651,-0.12874,-0.10487,-0.12981,0.14722,-0.051465,0.051121,0.047727,-0.1273,0.0024845,0.10759,0.014661,0.019186,-0.054331,-0.020338,-0.019834,-0.099992,0.10698,0.18301,0.022254,-0.0075994,0.056273,-0.13738,0.10103,-0.071806,-0.1306,-0.051578,0.09424,0.090221,0.017548,-0.018326,-0.047482,-0.027768,-0.037981,-0.017828,0.047526,-0.12734,-0.049754,-0.076425,-0.013212,0.093207,-0.23206,0.05331,0.065534,0.13806,-0.087622,0.018021,0.032835,0.099889
-0.034333,-0.085491,-0.17551,-0.040284,0.14708,-0.079905,0.01485,0.057432,-0.035012,0.033674,-0.027392,0.12811,0.00041969,0.13382,0.10432,-0.13464,0.096148,0.1065,0.087116,0.0389,0.13318,-0.023484,-0.16751,0.052727,0.026731,0.0057099,-0.0093612,0.072849,-0.12886,0.17039,-0.17087,0.032483,0.017755,-0.047771,0.11942,-0.12746,0.03367,0.11065,0.050265,0.14743,0.064451,0.055346,-0.15577,-0.070765,0.07103,-0.065351,0.070633,-0.24184,-0.019511,-0.067406,0.056121,0.035429,0.14413,0.0032534,0.0030052,-0.053842,0.13028,0.018169,0.059639,-0.097943,-0.12493,-0.0097389,-0.19228,-0.0074183
-0.11868,-0.11828,-0.097905,-0.043831,0.0056422,-0.018885,0.027589,-0.071478,0.07469,0.0092055,0.053864,0.094662,-0.0049339,0.092506,0.016509,-0.072209,0.02481,0.066234,0.055015,-0.10352,0.028225,0.10766,-0.1651,0.064927,0.015366,0.0058341,-0.018692,-0.1637,-0.077175,0.025268,0.006505,0.10893,-0.043132,-0.17285,0.031278,0.0026767,-0.11096,0.19837,0.076566,0.042907,-0.001072,-0.026155,-0.089979,0.12048,0.15024,0.036214,-0.070314,0.051167,0.11262,0.087255,-0.026261,0.00087465,-0.0085925,-0.19375,0.051016,-0.053485,-0.050189,0.043762,0.17728,-0.030632,-0.031368,-0.15318,-0.068804,0.050781
-0.092805,-0.10749,0.098004,-0.043005,-0.081617,0.078374,-0.0082962,0.091599,0.32847,-0.055671,0.12529,0.067117,0.11601,0.042765,0.08956,0.10989,-0.0178,0.096743,0.019685,-0.074614,-0.0012199,0.087925,-0.12136,-0.05329,-0.082336,-0.085756,0.026066,0.04612,-0.10773,-0.11991,0.074841,-0.048046,0.053216,-0.18714,-0.070405,0.049858,-0.16573,-0.030851,0.073328,0.031486,-0.010691,-0.11094,-0.079523,0.029804,0.12465,0.040406,-0.022439,0.1472,-0.15517,0.027504,-0.061854,-0.13097,-0.10387,0.01059,0.14452,-0.10381,0.0071784,-0.051427,0.050144,0.028228,0.083668,0.099648,-0.0021893,0.12845
-0.09859,-0.096295,-0.057971,0.08921,-0.026783,-0.04598,-0.030338,0.02738,-0.0015064,-0.02909,0.074282,-0.021295,0.15918,0.082762,0.05025,-0.0042761,0.01895,0.044897,0.037849,0.018267,-0.053678,-0.027976,0.012517,-0.032584,0.2237,-0.098177,-0.018404,0.0074683,-0.1712,-0.064527,-0.0036802,-0.069157,-0.066118,-0.067674,-0.15872,0.15044,-0.06007,-0.0063701,-0.10372,-0.14721,0.0042371,-0.013855,-0.077106,-0.18885,0.098191,-0.12689,0.12389,0.10278,-0.014812,-0.012038,-0.027122,-0.11533,-0.19762,-0.011526,-0.03253,0.073265,-0.021455,0.014628,-0.11923,-0.11936,-0.02227,0.049703,0.086457,0.054723
-0.0043277,-0.054829,-0.1422,0.16101,0.085429,-0.15991,-0.028962,-0.040558,-0.0031655,0.088363,-0.057366,-0.14217,0.15227,0.13368,-0.031187,0.03144,-0.015333,0.073115,0.075767,0.004022,-0.13632,-0.034811,-0.08239,0.13938,-0.01059,0.012017,0.036557,0.15281,-0.098259,0.064346,-0.12152,0.10859,0.00064132,0.13855,-0.22581,0.088187,0.0057144,-0.0024508,0.065292,-0.19713,0.036664,-0.063705,-0.18522,0.0021655,0.00039307,-0.00032856,-0.069011,-0.1284,-0.11623,-0.11514,-0.16975,0.030983,-0.087817,-0.035369,-0.046101,0.14749,0.040039,0.056334,0.072784,0.040659,-0.15854,-0.031096,0.12576,0.12402
-0.1245,-0.1021,-0.10656,0.053563,0.004627,-0.033262,0.057679,-0.12007,0.033002,-0.033029,-0.019223,-0.032022,0.015204,0.1171,-0.07746,0.090853,-0.024533,-0.066307,0.012436,-0.065809,-0.019346,0.15465,-0.083711,0.13752,0.00021258,0.077649,0.056426,-0.011297,-0.039736,-0.08858,0.064844,0.11405,0.022814,0.1449,-0.043805,-0.029904,-0.12949,0.010308,0.11035,-0.074541,0.078994,0.12628,-0.047898,0.14827,-0.074325,0.082155,0.041628,0.055897,0.0082264,0.0045289,-0.073739,-0.058242,0.21198,-0.10154,-0.13287,-0.01351,-0.099117,0.01739,0.20075,-0.079064,0.016885,0.062036,0.10458,-0.051369
-0.14421,-0.10458,-0.059334,0.0064019,-0.054678,0.061068,0.05209,-0.023058,0.022194,-0.12585,0.026424,-0.00040186,0.0064135,0.13103,-0.024725,0.12686,0.012439,-0.17085,-0.03507,0.014683,0.016086,0.15509,-0.037725,-0.0036312,0.045781,0.049796,0.011562,0.097389,-0.055393,-0.14474,0.099552,-0.065651,0.11993,0.13125,0.094701,-0.045381,-0.16453,0.13615,-0.017326,0.00016992,0.056296,-0.0096001,0.10343,0.02192,-0.19429,-0.055502,0.0073237,0.034155,-0.05044,0.098189,-0.052084,-0.14447,0.14084,0.034148,0.10818,-0.098251,0.18198,-0.042601,0.0048888,0.023825,0.12911,-0.056572,0.075975,-0.16171
-0.11071,-0.094241,-0.1057,0.0092899,0.027943,0.0026379,0.025144,0.081949,-0.076816,-0.09273,0.017127,0.045306,0.020175,0.14985,0.095575,0.01431,0.077204,-0.086475,0.01489,0.10307,0.096019,0.016206,-0.042121,-0.064631,0.16266,0.0093272,-0.013471,0.11328,-0.13753,-0.0021477,-0.011243,-0.15262,0.097859,0.075958,0.1341,-0.074291,-0.030675,-0.028777,-0.0067429,0.08255,0.06374,-0.016578,-0.05697,-0.17045,-0.13692,-0.21667,-0.011992,-0.078147,-0.090614,0.082504,0.12546,-0.12265,-0.0018635,0.070252,-0.11251,-0.065293,-0.070126,0.0047947,-0.10754,0.13749,0.04804,-0.044137,-0.11694,-0.075652
0.084173,0.081782,-0.06662,0.14861,-0.13766,-0.21155,0.014728,0.058286,0.062599,-0.10816,-0.057384,0.23618,-0.094567,-0.15848,-0.028393,-0.022804,0.0063174,0.039482,-0.04753,0.018399,-0.14297,0.064045,-0.047399,0.060971,0.027524,-0.0047576,-0.018421,0.14687,-0.031051,-0.032698,0.10516,-0.10704,0.023121,-0.094437,0.14109,-0.030115,0.086089,-0.025265,0.0063184,-0.14905,0.036117,0.01282,0.049614,0.066762,0.0733,-0.005978,-0.10019,-0.052702,0.0031036,-0.034217,-0.061934,-0.058233,-0.0059026,-0.07876,-0.07283,0.060289,0.015513,-0.096708,-0.0062213,-0.068433,0.071869,0.099475,-0.032844,-0.15542
-0.047449,0.11597,0.010785,0.053736,0.021974,-0.056252,0.019639,0.12392,-0.01678,0.00046093,0.14993,0.069524,-0.042475,-0.11648,-0.062822,-0.064118,-0.11919,-0.079604,0.0745,-0.072732,-0.060697,0.074617,0.075036,0.034983,0.27034,0.10788,0.056337,0.088983,-0.0057471,0.155,0.067108,0.042146,-0.090636,-0.024078,0.070055,0.073032,-0.027147,0.086366,0.14238,-0.035996,0.028231,-0.12345,0.046325,0.13098,0.098969,0.13308,0.12838,-0.06571,-0.024196,0.010494,0.024204,-0.095947,0.0054409,0.16026,-0.030527,0.0023494,0.060853,-0.099865,-0.0051702,0.14728,0.10749,0.058896,-0.051532,0.048986
-0.088932,0.12207,0.098268,-0.066752,0.11792,0.038662,-0.032351,0.031727,0.14434,0.037302,0.10787,-0.032112,-0.058921,-0.010648,-0.18265,-0.12644,-0.069951,-0.087682,0.065292,-0.01295,-0.0030869,-0.1012,0.053767,0.11517,0.00671,0.21542,-0.011606,0.20762,-0.066502,0.10369,-0.12932,-0.056097,-0.072571,-0.030135,0.037035,0.15557,-0.10828,-0.059002,0.042139,0.011403,0.1078,0.049609,0.098217,-0.021381,0.12008,-0.053812,0.013873,0.095034,0.046092,0.080279,0.19554,-0.13419,-0.030462,0.036296,-0.013964,0.063349,-0.0054891,0.13587,0.067113,-0.074885,-0.066979,-0.2097,0.056981,-0.12121
-0.067381,0.13404,-0.057827,-0.083085,-0.0022579,-0.028713,-0.07481,-0.052902,0.10129,-0.017062,-0.043932,-0.11412,-0.085166,0.0723,-0.069539,-0.14105,-0.032683,0.0089672,-0.0698,-0.0082386,0.035245,-0.17482,-0.050252,0.12214,0.035621,0.1071,0.0831,-0.066519,-0.10867,-0.027027,0.12083,-0.13567,-0.057218,-0.0080382,-0.0022559,0.12673,0.0062013,-0.055657,-0.14303,0.068978,0.13418,0.0079888,0.13962,-0.081222,0.050182,-0.0081158,-0.10321,-0.068994,-0.02575,-0.032483,0.031433,-0.048539,-0.074872,-0.053116,0.18757,-0.095204,-0.055319,-0.061946,0.15133,-0.024124,0.027851,0.12706,0.023778,-0.031766
0.0357,0.11444,-0.12856,-0.12096,-0.17674,-0.073522,-0.014957,0.16625,0.0062224,-0.0015231,-0.1067,-0.19733,-0.06165,-0.037598,0.072619,-0.10193,-0.068452,0.054152,-0.1363,-0.12931,0.098479,0.034843,-0.10523,0.025523,-0.024065,-0.030691,-1.0096e-05,0.10284,-0.033516,-0.14209,0.10327,-0.039766,-0.0028529,0.016157,-0.086564,-0.015515,0.11734,-0.011502,-0.063981,0.101,0.054405,-0.091168,0.018408,0.048055,0.035019,0.031158,0.10226,-0.089257,0.052053,-0.091981,0.03917,-0.059995,0.0047425,-0.14454,-0.056184,-0.014075,0.0063634,-0.092679,-0.01244,0.044232,0.06133,-0.1124,0.16139,-0.028125
-0.059345,0.11139,-0.057806,-0.040535,-0.029473,0.04745,0.0063482,0.18742,-0.064213,0.12357,-0.013391,-0.094951,-0.045905,-0.11532,-0.045291,0.10185,0.02113,-0.054014,0.021568,-0.16087,0.072964,0.12708,-0.096454,-0.1567,0.080662,-0.086889,-0.07547,0.088848,-0.055167,0.0092896,0.010739,0.089457,-0.11022,0.03416,-0.13749,-0.043193,0.047942,-0.043793,0.09872,0.083706,0.03386,0.12496,-0.019825,0.14724,-0.00028761,0.014595,-0.11638,-0.12435,0.035776,0.11381,-0.012661,-0.074358,-0.1682,0.12234,0.0016484,-0.086634,-0.077838,0.0060887,-0.037114,-0.070792,0.02722,0.022436,0.055499,0.03039
-0.10424,0.11229,-0.010827,-0.0073994,0.083864,0.083626,-0.040021,-0.0022638,0.044909,0.13856,-0.028269,0.0097502,-0.020015,-0.087443,-0.20117,0.11504,0.14015,-0.027733,0.070414,-0.042069,0.044332,-0.030385,-0.064835,-0.16446,0.0013257,-0.10603,-0.076274,0.069966,-0.12878,0.070453,-0.059572,-0.057977,-0.10588,0.044857,-0.12436,-0.14915,-0.051684,0.14065,-0.047767,0.012156,0.032564,0.13413,0.17803,0.034381,-0.10351,0.049867,-0.059125,0.073882,-0.01747,0.02537,0.07235,-0.15341,-0.076079,-0.022159,-0.058395,0.18351,0.057921,0.052119,0.06201,0.014576,-0.14641,0.11273,-0.053103,0.11028
-0.061273,0.11669,-0.058804,0.064076,-0.0073018,-0.048001,-0.076171,-0.10076,0.1063,0.02025,-0.093699,0.08836,-0.060767,-0.054027,-0.14178,0.039789,0.17161,0.028381,-0.02799,0.042809,0.0058373,-0.12297,-0.068607,-0.032681,-0.015737,-0.052061,-0.044564,-0.062125,-0.09762,0.060785,0.071325,-0.16199,-0.042273,-0.025602,-0.006898,-0.18214,-0.050367,-0.13867,0.043253,-0.076601,0.042519,-0.15356,0.12995,0.02066,-0.1313,0.019961,0.08606,0.018797,0.034063,-0.12641,-0.14777,-0.09427,0.061685,0.068009,0.049197,0.053885,-0.15995,-0.034602,0.056626,0.017257,-0.017073,-0.14128,-0.082566,-0.0038153
0.18783,0.010957,-0.085191,0.066163,-0.22244,0.033608,-0.1319,-0.056237,0.010412,0.049042,0.10565,0.023136,0.056,-0.028531,-0.050133,-0.012144,-0.10031,0.032906,0.16825,0.021255,0.19595,-0.0078719,0.1505,0.042989,-0.088343,-0.028416,0.036135,0.12215,-0.0017649,-0.039048,0.14673,-0.037741,0.014829,-0.045638,-0.016713,-0.011739,-0.038755,0.079073,0.038727,0.10298,0.062343,0.12429,0.0044979,-0.11871,0.021083,-0.062071,-0.094892,-0.10866,-0.034049,0.080228,-0.024753,0.0016779,0.019712,0.020443,0.012668,0.076995,-0.0045778,-0.13783,-0.023692,-0.14644,-0.09076,-0.035121,0.091016,-0.069259
0.071978,0.041507,0.051709,0.11723,-0.098937,0.04481,0.069992,0.11199,-0.069931,0.12783,0.1685,0.050526,-0.029365,0.038713,0.0049879,-0.12878,-0.02696,-0.088502,0.13372,-0.13064,0.096357,-0.098083,0.12552,0.017248,0.071665,0.1234,0.054447,-0.069207,-0.022233,-0.076379,0.11913,0.03878,-0.057723,0.0049084,-0.020973,-0.10241,-0.067367,0.047024,-0.05499,0.00917,-0.043785,-0.14545,-0.10077,-0.09493,-0.020672,0.083454,-0.11515,-0.039663,-0.063582,-0.096729,0.010021,-0.13451,0.11692,-0.12491,0.07426,0.030064,-0.01711,-0.095601,0.045308,0.12319,-0.056604,0.098748,0.019258,0.16731
0.013374,0.070891,0.1768,0.09196,0.08063,0.065467,-0.0091284,0.1343,0.073375,0.021678,0.032248,0.011937,-0.14849,0.045913,-0.063349,-0.23082,-0.050604,-0.099092,0.0091241,-0.021587,0.0066713,-0.031915,0.04534,0.12972,-0.10274,0.22095,-0.073893,0.093797,-0.088089,-0.092207,-0.17216,0.11908,-0.036392,-0.011046,0.021167,-0.10182,0.053755,-0.067004,0.0089027,-0.034249,0.039936,-0.022116,-0.11159,-0.030193,0.024177,-0.061759,0.017748,0.14874,0.0108,-0.03771,-0.057289,-0.15851,0.0058705,-0.060539,-0.050237,-0.057466,-0.024622,0.11102,-0.063043,-0.035896,0.059062,-0.10456,0.0067308,0.026101
0.051702,0.10115,-0.0057306,0.012875,0.087717,0.091419,-0.078396,-0.03217,0.036799,-0.18112,0.01794,-0.083487,-0.13604,0.015902,-0.023721,-0.20256,-0.076458,-0.023316,0.047055,0.15917,-0.038996,0.0593,-0.086253,0.028019,0.0040797,0.10726,-0.012837,-0.13142,-0.095539,-0.0082996,0.11092,0.13918,-0.048546,0.0022986,-0.024007,-0.034471,0.079996,0.070305,0.02024,-0.08017,0.13683,0.047941,-0.038489,-0.029544,0.039941,-0.013143,-0.029681,0.031921,-0.15294,0.07932,-0.13302,0.011644,-0.20097,0.13183,-0.018109,-0.035221,0.058127,-0.14335,-0.093102,-0.050675,0.028878,0.10717,-0.085598,0.060302
0.15965,0.09605,-0.13499,-0.12498,-0.029547,0.11801,0.14079,0.0098208,0.022065,-0.17681,0.05642,-0.10413,0.0038351,-0.075226,-0.0095347,-0.074054,0.083958,0.034553,0.1682,0.12481,-0.1185,0.027724,-0.011218,-0.12403,-0.14308,0.009377,-0.037373,0.056713,0.017383,0.0088358,0.15284,-0.0046506,-0.020282,0.017426,-0.015626,0.018514,-0.036782,0.059054,0.09703,-0.075233,0.055881,-0.12528,-0.016001,-0.094186,0.0058715,-0.005629,0.087249,-0.04112,-0.0076316,0.042128,0.068195,0.021002,-0.0070542,-0.054238,-0.070836,0.12418,0.039182,-0.16011,0.056515,0.1072,-0.13769,-0.011407,-0.020398,-0.1146
0.051669,0.060812,-0.033407,0.025007,-0.026099,0.1632,0.20902,0.13167,-0.055078,0.063866,-0.084582,-0.015166,-0.0021827,-0.061979,-0.038677,0.10565,0.19986,-0.0037259,0.13038,-0.028787,-0.10746,-0.0044415,0.031921,-0.075438,-0.042244,0.013351,0.046114,-0.022949,-0.011215,-0.065479,0.056048,0.02489,-0.18903,0.015901,0.10709,0.051695,-0.041391,-0.10994,0.051556,-0.028852,0.00047287,0.10107,-0.13372,-0.060071,-0.033901,-0.035324,-0.070689,-0.080396,0.044033,-0.071336,-0.075746,-0.1224,0.04246,-0.052327,0.16009,-0.045273,-0.14114,-0.028378,-0.038091,-0.10246,-0.026043,-0.071693,-0.086431,-0.067341
-0.0068092,0.064716,0.045386,0.12603,0.055737,0.15184,-0.011269,0.077624,-0.0072402,0.11382,-0.23517,0.046251,-0.052038,-0.034726,-0.1086,0.092671,0.083322,0.045929,0.0075434,-0.022289,-0.03436,-0.00075023,0.016884,-0.0038267,-0.068004,-0.090554,0.024842,-0.016453,-0.1542,-0.10147,-0.092984,0.13209,-0.21219,-0.0054481,0.055312,-0.044962,0.078871,0.19116,-0.12843,-0.041776,0.0011385,0.041688,0.00824,-0.066713,-0.096373,-0.012478,0.064419,0.051945,-0.08708,-0.018742,0.013981,-0.14584,0.016858,-0.10566,0.0022476,-0.059343,0.13439,0.052208,-0.0053734,0.052318,0.11404,0.060872,-0.019225,0.027736
0.049996,0.06286,-0.037546,0.10304,-0.034412,0.1176,-0.22528,-0.076566,0.04014,0.025193,-0.13635,0.012039,-0.021502,-0.026129,-0.11133,0.06841,-0.057979,0.053883,0.030881,0.084035,0.08441,0.032621,0.056884,0.10597,-0.032464,-0.15801,-0.01839,-0.047507,-0.15218,0.022708,0.04489,0.10434,-0.10212,-0.06091,0.0028295,-0.062546,0.065288,-0.019516,0.12162,0.10938,0.064857,-0.1066,-0.039767,-0.017316,-0.074853,-0.084475,0.10278,-0.027578,0.0058915,0.10021,0.045253,-0.014168,0.0019584,0.13394,-0.15305,-0.16599,-0.036795,-0.077347,0.010675,0.097432,-0.0049792,-0.067688,0.07101,-0.066639
0.16844,-0.077105,-0.133,-0.12118,0.049087,0.12949,-0.10908,0.0043519,0.010527,0.16419,0.11227,0.10656,0.048079,0.03985,-0.0016588,-0.085332,-0.079129,0.032527,-0.13488,-0.082215,-0.1852,-0.03768,-0.022301,-0.11344,-0.13219,0.060329,0.0013835,0.067612,-0.0089768,0.027723,0.14257,0.033864,-0.019212,-0.017253,0.016534,0.02055,-0.016691,-0.07275,-0.10055,-0.063927,-0.064954,0.12187,0.03204,0.080577,-0.011237,-0.009836,0.092538,0.056686,-0.022696,-0.006119,-0.065834,-0.019013,-0.022189,0.062187,0.072166,-0.092977,0.078405,-0.17166,-0.082977,-0.11545,-0.11426,-0.057426,-0.0084425,-0.091261
0.063522,-0.093186,0.0069896,0.011172,-0.092165,0.074886,0.093415,-0.027381,0.031732,0.17312,0.070697,0.014575,-0.076932,0.13885,-0.023923,-0.1962,0.079674,-0.033485,-0.037166,-0.13303,-0.10376,-0.046168,-0.076031,0.035316,-0.015251,0.012399,-0.080104,-0.16548,0.087886,0.052362,0.12294,-0.11462,-0.065298,0.0014289,0.024978,-0.040482,0.073398,0.019273,-0.05669,-0.067642,-0.15205,-0.032704,-0.020353,0.031541,-0.055906,-0.016508,-0.036978,-0.035646,-0.11284,0.15338,0.14879,0.066493,-0.16349,0.0030567,-0.13108,0.0031682,0.064378,-0.13205,0.073219,0.058912,0.04956,-0.08492,-0.091422,0.074063
0.022056,-0.06635,0.1797,0.076905,-0.087265,0.068829,0.0043514,0.14082,0.066959,-0.029696,0.029378,-0.080082,-0.081663,0.10822,-0.076851,-0.22282,0.051195,-0.0926,-0.022356,0.026425,0.0078576,0.047853,0.049112,0.10894,-0.13608,0.014985,-0.23327,0.042143,0.10045,0.046838,-0.1625,-0.15688,-0.053964,0.014455,-0.029228,-0.10123,0.025497,-0.041201,0.065582,-0.030722,-0.019762,0.029337,-0.057233,0.082721,-0.025277,-0.085549,0.035764,-0.13862,0.037757,-0.01059,0.062699,0.152,0.0537,0.047012,0.056315,0.035947,-0.068185,0.10395,0.078258,0.038461,0.019484,0.10003,-0.0075997,0.027634
0.079396,-0.028528,0.045752,0.12325,0.10109,0.05291,-0.060364,0.11042,-0.067973,-0.16786,0.1226,-0.082531,-0.024071,-0.006754,-0.0077302,-0.12419,0.036323,-0.062346,-0.1681,0.095105,0.10325,0.11514,0.11145,-0.012883,0.04954,-0.070259,-0.098886,-0.0975,0.012432,0.1042,0.10221,-0.0025682,-0.053948,-0.011271,0.017101,-0.098398,-0.090093,0.049527,-0.040689,0.013285,0.042423,0.15966,-0.0081277,0.13501,0.022381,0.058739,-0.11357,0.0015437,-0.059723,-0.12356,0.012601,0.066594,0.13551,-0.073523,0.12571,0.032657,-0.035764,-0.11259,-0.040315,-0.12474,-0.015672,-0.086613,0.032971,0.17978
0.19109,0.010375,-0.085547,0.099768,0.21168,0.0048699,0.13777,-0.062245,0.0286,-0.076826,0.074687,-0.0023815,0.049209,-0.032223,-0.053159,-0.0028028,0.094659,0.050006,-0.2001,-0.094163,0.13255,0.027098,0.14641,0.045147,-0.082221,-0.040519,0.023601,0.12724,0.012474,0.074159,0.12374,0.063788,0.016005,0.044632,0.010526,-0.012373,-0.028442,0.00074418,-0.098789,0.10862,-0.05773,-0.12058,0.036407,0.090642,-0.033344,-0.067664,-0.11267,0.10586,-0.034328,0.065455,-0.022151,-0.0046436,0.012749,-0.018543,-0.0015482,-0.056717,0.036455,-0.12884,0.018876,0.15497,-0.10865,-0.0016422,0.091185,-0.090193
0.055258,-0.060232,-0.029528,0.11007,0.0097836,0.082294,0.22921,-0.073294,0.053249,0.010299,-0.15012,0.0094899,0.018903,0.039231,-0.11822,0.079002,0.037974,0.050805,-0.042492,-0.10638,0.041637,-0.0079661,0.056282,0.12843,0.014274,0.055265,0.14529,-0.014889,0.1449,0.0065882,0.061051,-0.084383,-0.12956,0.05624,-0.015803,-0.066077,0.071139,-0.11664,-0.025059,0.11604,-0.045889,0.10457,-0.022874,0.009865,0.077184,-0.087767,0.1069,0.057085,-0.0072832,0.051812,-0.03636,0.045783,-0.018005,0.18442,-0.18321,0.041818,-0.090062,-0.074328,-0.0065426,-0.09496,-0.011189,0.059648,0.065841,-0.037183
0.0017745,-0.064292,0.048831,0.11031,-0.071076,0.15359,0.02063,0.085156,-0.013475,-0.047906,-0.25577,-0.019861,0.028676,0.050107,-0.11186,0.091914,-0.10368,0.048267,-0.0028814,0.031338,-0.026203,-0.0014484,0.015608,-0.001702,-0.038282,0.0080889,0.09337,-0.01027,0.14571,0.098809,-0.091298,-0.12318,-0.23195,-0.0085703,-0.06221,-0.031653,0.05181,0.21115,-0.098373,-0.041392,-0.014615,-0.042392,0.045294,0.052742,0.095159,-0.04421,0.057315,-0.050248,-0.084416,-0.042489,0.0054823,0.14078,0.025729,0.035189,0.098893,0.12646,0.069975,0.048402,0.019014,-0.050166,0.12828,-0.026885,-0.018676,0.0222
0.061792,-0.054987,-0.038712,0.012815,0.031707,0.19019,-0.18173,0.13342,-0.068898,-0.033409,-0.083692,0.048336,0.058542,0.016375,-0.032506,0.087634,-0.20504,0.002631,-0.11204,0.070083,-0.11426,-0.0030557,0.02628,-0.086666,-0.039105,-0.020842,0.012368,-0.031468,-0.0039258,0.073459,0.04537,0.012637,-0.18095,-0.019214,-0.098666,0.072399,-0.058514,-0.090587,0.053883,-0.030545,0.011052,-0.07794,-0.081084,0.12666,0.038059,-0.062282,-0.085645,0.060387,0.056737,-0.05434,0.069367,0.068301,0.074982,-0.17532,0.030213,0.047567,-0.15682,-0.033222,0.029334,0.11064,-0.059321,0.043941,-0.088066,-0.092773
0.051864,-0.11046,-0.12786,-0.097254,0.19003,-0.082415,0.0051356,0.16105,0.012914,0.045931,-0.10407,0.15285,-0.052969,0.098465,0.093713,-0.12474,0.069804,0.0629,0.12103,0.065375,0.1594,-0.034779,-0.091132,0.033367,-0.034138,-0.02,0.0073815,0.097353,0.04578,0.17281,0.054114,0.046809,-0.0027439,-0.021034,0.07637,-0.023197,0.09672,0.052657,0.066955,0.10609,-0.053823,0.078984,0.0019193,-0.039636,-0.019149,0.038128,0.088237,0.086471,0.048119,-0.13147,0.017743,0.037197,0.00018793,0.065624,0.14628,0.042043,-0.030223,-0.10109,0.038496,-0.042837,0.027842,0.12168,0.14268,-0.058037
-0.048918,-0.14457,-0.048945,-0.082665,-0.00011275,-0.038733,0.065929,-0.05545,0.1051,0.037324,-0.031753,0.057776,-0.12084,0.073046,-0.07361,-0.1458,0.035598,-0.0016961,0.055075,-0.0069273,0.039798,0.18424,-0.060045,0.088075,0.027201,-0.10091,-0.093226,-0.093184,0.099808,0.049013,0.076603,0.16611,-0.053734,0.011036,0.017717,0.11868,-0.022648,0.08877,0.11986,0.081857,-0.14359,-0.023752,0.15999,-0.005956,-0.055923,-0.013428,-0.10976,0.041448,-0.024058,-0.062434,-0.025214,0.0364,-0.071561,-0.17129,0.013118,0.10563,-0.0882,-0.051518,-0.15985,0.032249,0.076286,-0.098878,0.050303,-0.01297
-0.07289,-0.13187,0.10266,-0.086313,-0.10204,0.036575,0.030333,0.043192,0.13806,-0.05814,0.10126,0.016658,-0.016222,0.06267,-0.19343,-0.12409,0.080346,-0.075633,-0.076026,0.032159,-0.010767,0.080268,0.046372,0.083832,-0.02829,-0.09317,-0.2482,0.15007,0.068597,-0.15082,-0.10861,0.038558,-0.082127,0.033243,-0.020973,0.14867,-0.082391,-0.088299,0.025279,0.023253,-0.092743,-0.067503,0.074886,-0.047574,-0.12179,-0.046689,0.051369,-0.078288,0.027111,-0.019188,-0.21648,0.15444,-0.0014391,-0.003916,-0.020331,-0.075094,0.025318,0.12505,-0.069364,0.064784,-0.12271,0.183,0.055578,-0.12896
-0.029889,-0.12095,0.0128,0.052818,-0.016667,-0.060088,-0.028657,0.13603,-0.02538,-0.035417,0.13671,-0.068674,0.10755,0.06107,-0.072405,-0.05752,0.1351,-0.055521,-0.060299,0.10348,-0.045258,-0.10329,0.082018,0.027135,0.21125,-0.15803,-0.12938,0.02597,-0.0098334,-0.12558,0.10275,-0.019686,-0.0877,0.020224,-0.067167,0.080364,0.035196,-0.080707,-0.13796,-0.03151,-0.029835,0.11582,-0.019639,-0.13588,-0.07939,0.1656,0.11995,0.079835,-0.0063715,-0.01113,0.0011577,0.10685,0.049972,0.029548,-0.13185,-0.01506,0.063737,-0.11886,0.0068334,-0.14136,0.12758,-0.026269,-0.051388,0.035924
0.093081,-0.076752,-0.063677,0.1669,0.10501,-0.21281,-0.054999,0.05215,0.051999,0.11371,-0.041451,-0.21422,0.17451,0.095379,-0.048635,-0.0025894,-0.015772,0.035493,0.089678,0.02027,-0.13286,-0.079756,-0.042898,0.058864,0.014183,-0.024112,-0.039188,0.13495,0.040899,0.061972,0.069067,0.10973,0.029116,0.093193,-0.14514,-0.022388,0.091561,-0.015503,0.038397,-0.14374,-0.045365,-0.012591,0.012434,-0.070561,-0.071921,0.012608,-0.12215,0.036495,0.027828,-0.019868,0.058404,0.046915,0.019696,0.049949,0.11089,-0.039427,0.016469,-0.094063,0.010377,0.088881,0.088466,-0.087339,-0.036621,-0.12411
-0.049732,-0.1276,-0.052489,0.055692,-0.013005,-0.059675,0.057981,-0.097274,0.10216,0.0017318,-0.09832,-0.061457,0.063852,0.055056,-0.15917,0.04459,-0.18074,0.0097471,0.03364,-0.039671,-0.00042351,0.10033,-0.086421,-0.041541,0.031788,0.077354,0.033837,-0.022799,0.092387,-0.045509,0.04745,0.1813,-0.033134,0.00078748,-0.0084883,-0.18451,-0.041848,-0.12311,0.078134,-0.071005,-0.038438,0.1144,0.13114,-0.088005,0.13796,0.015882,0.079969,-0.0071973,0.052708,-0.050009,0.16827,0.04024,0.13378,-0.10336,-0.032225,-0.10092,-0.11351,-0.036595,-0.083278,-0.016761,-0.051712,0.11974,-0.082166,-0.017778
-0.088582,-0.12592,-0.0059242,-0.028493,-0.07721,0.077732,0.049731,0.011733,0.038551,-0.12547,-0.060196,0.037425,0.075828,0.044318,-0.19916,0.10831,-0.14167,-0.015633,-0.077144,0.03397,0.052457,-0.023561,-0.07411,-0.15811,0.054931,0.086894,0.062936,0.10388,0.12016,-0.072885,-0.050104,0.055893,-0.11246,-0.086844,0.1051,-0.15052,-0.023986,0.096465,-0.11672,0.011252,-0.03465,-0.14892,0.10617,-0.1159,0.10472,0.04915,-0.05944,-0.085167,-0.015321,-0.0094396,-0.084613,0.17016,-0.029651,0.0028197,0.084004,-0.143,0.12142,0.041579,-0.080391,-0.029108,-0.10507,-0.13681,-0.038828,0.11163
-0.040007,-0.11827,-0.058738,-0.044941,0.049919,0.041395,0.0055713,0.20059,-0.065112,-0.10361,-0.045538,0.11303,0.05322,0.092915,-0.024375,0.079976,-0.014665,-0.027009,-0.034114,0.12852,0.12939,-0.17478,-0.080188,-0.13088,0.093302,0.052061,0.044832,0.095181,0.043289,0.012207,0.032446,-0.08473,-0.12025,-0.061497,0.12234,-0.044185,0.071517,-0.087869,-0.002979,0.08273,-0.014444,-0.10459,-0.11899,-0.10492,0.0081229,0.037668,-0.13253,0.11975,0.050751,0.090296,-0.014108,0.13274,-0.14031,-0.022872,-0.13826,-0.0075608,-0.095186,0.00043407,0.051361,0.089956,0.018443,-0.00041309,0.041094,0.06042
0.10754,0.099131,0.015853,0.093919,-0.12565,-0.25755,0.043417,0.1175,0.034244,-0.11738,-0.0039577,0.2789,-0.064678,-0.018853,-0.033333,0.018714,-0.020583,-0.059217,-0.070224,-0.0048983,-0.15477,0.073539,-0.03984,-0.061004,-0.043916,0.044199,-0.0017918,-0.017098,-0.10384,0.045909,0.038138,0.013728,0.073908,0.033428,-0.11214,-0.038252,0.046524,0.016167,-0.064863,0.074458,-0.0055367,0.070608,0.072465,-0.07028,0.04655,0.013931,-0.084061,-0.046065,0.071843,0.062018,-0.13545,0.065967,0.00084799,-0.082119,-0.1008,0.11628,-0.04022,0.13678,0.037225,-0.03176,0.13388,0.067327,-0.16113,-0.042915
-0.03701,0.11862,0.060031,-0.020469,0.014739,-0.072524,0.024029,0.11304,-0.10634,0.021587,0.15714,0.10288,0.0018882,0.031391,-0.15997,0.045271,-0.16205,0.0095979,0.13339,-0.087884,-0.042755,0.14609,0.041391,0.027561,0.075543,-0.12058,0.056542,-0.07304,-0.064798,0.15257,0.014221,-0.088075,0.071768,0.061283,-0.014778,-0.10435,0.07533,-0.03326,0.055787,0.062097,-0.16511,-0.1181,-0.068136,0.030121,-0.055998,0.25454,0.10855,-0.01808,-0.061852,0.016332,-0.10561,0.031753,0.078342,0.067133,0.015143,0.026968,0.039116,0.036262,-0.16725,0.023584,-0.025324,0.12459,-0.048583,0.026637
-0.095913,0.11825,0.072965,-0.086391,0.11174,-0.00068163,-0.052534,-0.053066,-0.03369,0.05607,0.052004,0.020875,0.00097225,0.10343,-0.18325,-0.026992,-0.066873,0.074449,0.11014,-0.094145,-0.017816,0.017802,0.10982,-0.040841,0.028721,-0.1453,0.091874,0.093269,-0.058297,-0.036328,-0.075553,-0.22475,0.14013,-0.01699,0.070468,-0.015107,0.062579,0.043082,0.10372,-0.040971,-0.17736,0.090144,0.00010199,0.049633,-0.056278,0.031988,-0.1139,0.138,0.1646,0.0045276,0.0071759,0.092251,0.076886,-0.030397,-0.089635,0.023133,0.01254,-0.14128,-0.081091,-0.057533,-0.15424,-0.14692,-0.024675,0.071525
-0.048947,0.14078,-0.0047761,-0.10812,0.0044583,-0.067086,-0.089409,-0.053581,0.06371,0.0089825,-0.1162,-0.041161,-0.011902,0.18371,-0.04236,-0.052364,0.031172,0.057621,-0.098951,-0.12379,0.0036802,-0.13764,0.16081,-0.058318,0.055235,-0.068067,0.1023,-0.058534,-0.08184,-0.077393,0.038436,-0.096845,0.056469,-0.04206,0.096583,0.032119,-0.015016,0.0048674,0.13004,-0.0081686,-0.061644,0.10776,0.14968,-0.02462,-0.016072,0.0067382,-0.217,-0.051575,-0.070611,-0.12984,-0.031677,0.14517,0.031993,0.031929,-0.011143,-0.10573,0.025554,0.050282,0.21716,0.0070968,-0.014752,0.1717,0.0037988,0.062283
0.053569,0.13017,-0.063947,-0.17764,-0.17417,-0.098275,0.014111,0.19378,0.023768,0.007236,-0.15099,-0.15663,0.051071,0.057965,0.051008,-0.0029078,-0.0046802,0.0079729,-0.18539,-0.099506,0.073095,0.050959,0.076797,0.043198,-0.047559,-0.013409,0.048597,-0.01693,-0.14011,0.047285,0.045897,0.056712,0.027024,0.0013049,0.094017,0.04496,-0.043516,0.025701,0.012255,-0.088558,-0.0097469,-0.061037,0.072768,-0.08297,0.03192,0.067775,0.13621,-0.095872,0.10437,0.026475,0.033202,0.056679,0.052797,-0.089714,-0.10994,-0.0013623,-0.018343,0.12487,0.027548,-0.042504,0.11759,-0.084422,0.1356,0.10598
-0.041257,0.11884,-0.017745,-0.10187,-0.023384,0.023969,0.065256,0.1447,-0.076593,0.095056,-0.038027,-0.08666,0.16053,-0.093051,-0.081428,0.056379,0.037463,0.0027575,-0.0044222,-0.0059477,0.081853,0.26501,-0.089795,0.010922,0.018987,0.1305,-0.036099,-0.079069,-0.047778,0.080758,-0.010508,-0.020318,0.0013109,0.06697,0.033863,0.20409,0.13,-0.13648,-0.029587,-0.0027852,-0.027566,0.033898,-0.07182,-0.038354,0.13538,0.070378,-0.09198,-0.07375,0.058843,0.17493,0.0037608,0.071832,0.05692,0.086377,0.11928,-0.11615,0.095993,0.054603,-0.022187,0.018691,0.05456,-0.02365,0.095458,-0.10718
-0.09575,0.11137,0.026287,-0.046081,0.10387,0.029688,-0.002993,-0.061032,-0.00478,0.082794,-0.023184,0.016653,0.16885,-0.085115,-0.11723,-0.042609,0.12814,0.024292,0.024713,0.063384,0.050215,0.15715,-0.039314,-0.13779,-0.0017983,0.17489,-0.050518,0.02231,0.064459,-0.05085,-0.0033748,-0.15831,0.1162,0.11749,-0.078774,0.14719,0.14126,0.1263,-0.054075,0.035327,0.022385,0.054179,-0.035016,-0.0215,0.15552,0.10794,-0.015052,0.15164,-0.0026761,-0.077265,0.15607,0.12458,-0.030481,-0.10608,-0.041386,-0.10547,-0.014862,-0.04405,-0.048835,0.05657,-0.1313,0.089222,0.019167,-0.091028
-0.038932,0.12879,-0.00053382,0.038532,0.018743,-0.10687,-0.045577,-0.083273,0.07954,-0.026354,-0.079915,0.12968,0.038994,0.0057757,-0.061782,-0.064938,0.17956,-0.033757,-0.087043,0.022105,-0.031997,-0.03574,0.015952,-0.20361,0.0057637,0.1856,0.004342,-0.077981,0.037428,-0.031734,0.059907,-0.08273,0.045044,0.09133,-0.17654,0.010153,-0.024698,-0.050007,0.17097,0.092033,0.040745,-0.15393,0.043505,-0.0030982,0.013853,-0.028266,0.15104,0.052894,0.083097,-0.20537,-0.090956,0.11482,-0.056992,-0.0229,0.082377,-0.045446,0.051739,-0.018514,0.069838,-0.093427,0.035004,-0.17146,-0.12576,0.042364
0.22298,0.020759,0.021027,0.010032,-0.23358,-0.016631,-0.095545,-0.065604,0.027394,0.082417,0.10052,0.028941,0.032602,0.057343,-0.041265,0.068808,0.093717,-0.061545,0.11005,0.096402,0.26207,-0.003583,-0.032177,-0.038854,-0.010244,-0.0301,0.0045627,0.046325,-0.050979,0.025293,0.083858,-0.01805,0.07236,0.01844,0.010953,-0.0063636,0.0020176,0.066377,-0.048695,-0.10968,-0.023726,0.15964,-0.013113,0.073781,0.077576,-0.093168,-0.051821,-0.096636,0.053693,0.0075354,-0.077499,0.062891,-0.035359,-0.038754,-0.065156,0.01107,-0.01904,0.24283,-0.051328,0.063695,-0.03359,-0.071454,0.0078296,0.06993
0.079118,0.051944,0.11165,0.01932,-0.06956,0.023342,0.10393,0.052453,-0.15492,0.19096,0.13745,0.066003,-0.045848,0.12123,-0.071794,0.042539,-0.02758,0.063102,0.03229,0.032989,0.10087,-0.07136,-0.1045,-0.024102,-0.02266,-0.11858,0.069997,-0.12661,-0.047454,-0.14784,0.057028,0.025141,0.058027,0.10788,0.016135,0.019673,-0.14182,-0.00861,-0.017881,-0.046312,-0.1472,-0.1197,-0.076334,0.023822,-0.02643,0.023446,-0.024286,-0.13564,-0.047848,-0.19979,0.1698,0.011592,-0.034988,0.017195,-0.0035902,-0.025904,0.047067,0.10761,0.080668,-0.050957,-0.01238,0.092362,0.04727,-0.097056
0.0013785,0.068897,0.15784,0.036644,0.079394,0.02426,-0.018823,0.035234,-0.15035,0.042257,-0.051596,0.037011,-0.12253,0.12233,-0.063993,-0.072185,-0.064159,0.1501,0.048282,-0.070632,-0.036337,0.027486,-0.075522,-0.062369,-0.063969,-0.12645,0.12674,0.033138,-0.094173,-0.2111,-0.10698,0.049657,0.15403,0.0093375,0.034869,0.045379,-0.092959,-0.04073,-0.031022,-0.038538,-0.092203,-0.003122,-0.048449,-0.030635,-0.077125,-0.10803,0.063366,0.061469,0.17151,0.10607,0.025057,0.087292,0.0027328,-0.016322,0.068677,0.056223,-0.074886,-0.1708,-0.039757,-0.035595,0.12289,-0.15227,0.051699,-0.06124
0.077079,0.099722,0.064293,-0.047611,0.054248,0.051571,-0.11299,-0.066389,-0.017077,-0.19076,-0.10634,-0.046598,-0.11058,0.15531,0.001419,-0.060256,-0.043391,0.075842,0.17468,-0.053466,-0.099383,0.0045288,-0.08751,-0.059267,0.10943,-0.07847,0.10078,-0.045342,-0.10028,-0.046406,0.020442,0.072559,0.060702,-0.048455,-0.0060368,0.12213,0.074253,-0.10006,-0.067162,0.032958,0.017349,0.08883,0.066436,0.02987,-0.028796,-0.029664,0.028115,-0.010964,-0.21672,0.11365,-0.044339,0.17314,0.011,0.061325,0.07925,-0.018181,0.024131,0.11387,-0.084679,0.076417,0.019524,0.032486,-0.060448,-0.027161
0.19185,0.11185,-0.038019,-0.1885,-0.020549,0.080725,0.14733,-0.03019,0.073048,-0.19364,-0.009867,-0.048882,0.057815,0.042546,-0.016867,0.018312,-0.012552,-0.045607,0.17891,0.10103,-0.14402,-0.10239,0.016968,0.022906,0.072908,-0.026919,0.046243,0.052119,-0.030859,0.050898,0.093372,0.0076829,0.054268,0.033075,-0.031618,0.043507,-0.01045,0.096169,-0.045406,0.012672,-0.033126,-0.11736,-0.027024,0.088057,0.047411,-0.11457,0.14669,-0.019957,0.073135,-0.0049911,0.064447,0.016843,0.081072,-0.094949,-0.1146,0.020456,0.011729,0.19342,-0.045015,-0.099011,-0.066938,0.064166,-0.091565,0.06682
0.074288,0.074954,0.036195,-0.020372,0.023109,0.098828,0.24895,0.024859,-0.050526,0.045883,-0.075612,0.038243,0.16817,-0.10072,-0.029311,-0.00093101,0.026975,-0.0054272,0.042194,0.14305,-0.072249,-0.011216,-0.036643,0.12833,0.11276,0.15072,0.021196,-0.062411,-0.019459,-0.12255,0.036626,-0.0010103,0.0947,-0.015468,0.035032,0.021211,-0.13615,-0.066439,0.021005,0.089019,-0.11508,0.036236,-0.093607,0.0018639,0.13228,-0.12825,-0.13459,-0.023012,0.072819,-0.14653,-0.14608,-0.037286,0.060733,0.11702,0.057708,0.09689,0.064222,0.023203,0.00089782,0.0047703,0.069952,-0.073034,-0.06059,-0.022163
0.0015301,0.06651,0.10789,0.095254,0.072711,0.052641,0.0095574,-0.017561,-0.065355,0.067233,-0.18768,0.077607,0.16019,-0.10713,0.028386,-0.11927,0.079008,0.069292,-0.017659,0.033869,0.0096358,0.10277,-0.014039,0.016233,0.045184,0.13837,-0.068417,0.014075,-0.037568,-0.18797,-0.027191,0.09183,0.22132,0.021012,0.069864,0.0031503,-0.10652,0.13221,-0.14648,0.0014762,-0.0020848,-0.055129,-0.0075253,-0.05556,0.046769,0.098307,0.013355,0.10708,-0.15138,-0.00010153,0.071082,0.1097,0.018621,0.056018,-0.015399,0.075259,-0.17631,-0.061557,-0.0039807,0.04656,0.030639,0.093861,0.0012171,0.021337
0.085952,0.066233,0.049227,0.091108,-0.061794,0.026601,-0.20925,-0.11209,0.027088,-0.013954,-0.13857,0.038684,0.096628,-0.0074093,-0.0042614,-0.05768,0.16076,-0.015453,0.063161,0.0036911,0.16271,0.089261,0.0056454,-0.023024,0.097141,0.047807,-0.065166,-0.02948,-0.0481,0.034205,0.022892,0.090818,0.13179,0.032449,0.059511,-0.11532,0.016473,-0.16267,0.042599,-0.017029,0.074832,-0.18525,-0.016955,0.073952,-0.049118,-0.048049,0.087032,0.088229,-0.038237,0.16052,0.0086627,0.16134,-0.039362,-0.010669,0.022744,0.012517,0.05365,0.037784,-0.038494,-0.064681,-0.045297,0.042293,0.11718,0.13378
0.20386,-0.084172,-0.035359,-0.18076,0.038363,0.099652,-0.12642,-0.047091,0.065754,0.20029,0.050304,0.056345,-0.022619,-0.055877,-0.016904,0.018485,0.019859,-0.039003,-0.1444,-0.026957,-0.203,0.08884,-1.2675e-05,0.0093149,0.081897,-0.066196,0.013002,0.056243,0.03157,-0.02763,0.10139,0.0080454,0.054803,-0.023765,0.036607,0.038591,0.0030179,0.080172,-0.056356,0.015481,0.027331,0.12401,-0.067353,-0.074819,-0.042246,-0.091275,0.1552,0.03948,0.058067,-0.049044,-0.06549,-0.038323,0.052562,0.12119,0.1014,-0.025578,0.010115,0.2041,0.031988,0.083341,-0.061959,-0.080099,-0.091802,0.079821
0.088592,-0.083045,0.077708,-0.040552,-0.055572,0.031091,0.12198,-0.067101,-0.02116,0.21613,-0.047478,-0.019779,-0.17904,0.056855,0.0013717,-0.056214,0.036202,0.10477,-0.14946,0.091477,-0.10662,-0.022308,-0.089133,-0.059661,0.11076,-0.087435,0.095482,-0.05042,0.099504,0.055862,0.02314,-0.073749,0.045807,0.051581,0.023963,0.10725,0.043443,0.022011,0.12844,0.032044,-0.019673,-0.089249,0.030055,-0.058401,0.023804,-0.016854,0.017652,0.035832,-0.21647,0.15073,0.021678,-0.14123,-0.031091,-0.058238,-0.072243,0.035938,0.029372,0.11487,0.073882,-0.084689,0.018476,-0.026118,-0.062413,-0.063317
0.010514,-0.063064,0.16145,0.025204,-0.078196,0.026096,0.020617,0.036738,-0.15261,-0.034277,-0.060731,-0.088463,-0.14342,0.052309,-0.067113,-0.062367,0.049076,0.16767,-0.030684,0.062423,-0.020589,-0.022284,-0.068316,-0.058146,-0.055681,-0.070144,0.16067,0.037002,0.11131,0.1667,-0.13821,-0.078861,0.15197,0.0043941,-0.033459,0.051764,-0.1235,0.00044792,0.039375,-0.050075,0.084506,0.0078218,-0.026718,0.037912,0.08021,-0.12205,0.078064,-0.023627,0.14526,0.091437,-0.10445,-0.10961,-0.029149,-0.069953,0.025855,-0.048822,-0.040137,-0.17032,0.049223,0.053861,0.073571,0.17047,0.040003,-0.0754
0.089219,-0.033512,0.10526,0.021466,0.086762,0.043263,-0.094778,0.041365,-0.14674,-0.22374,0.074192,-0.090774,-0.11419,-0.017591,-0.07317,0.054821,0.016633,0.059669,-0.044562,-0.066803,0.072419,0.081968,-0.11624,-0.023771,0.01074,0.00096111,0.14445,-0.093513,0.046277,0.15167,0.021251,-0.006022,0.065784,-0.10411,-0.011847,0.040692,-0.15277,-0.0023458,-0.013914,-0.051314,0.14678,0.12662,-0.073841,-0.0027076,0.012388,0.033121,-0.019751,0.078897,-0.071397,-0.27528,-0.027374,-0.0031467,-0.059092,0.002464,-0.044538,0.016925,0.041643,0.11754,-0.076382,0.040187,0.028556,-0.090045,0.06243,-0.062494
0.22688,0.011951,0.01918,0.038202,0.22874,-0.032276,0.095434,-0.079524,0.046044,-0.10547,0.067186,-0.019738,-0.034625,-0.044569,-0.043527,0.076031,-0.0898,-0.068811,-0.15507,-0.16928,0.184,-0.0029291,-0.037312,-0.036998,0.009802,-0.0057142,0.017613,0.052785,0.059346,-0.0027408,0.083967,0.021561,0.065954,-0.0097643,-0.014325,-0.0031382,0.0092867,0.080816,-0.03455,-0.11024,0.0081907,-0.1365,-0.081602,-0.055341,-0.084565,-0.072258,-0.077892,0.092489,0.068542,0.037301,0.050095,-0.041404,-0.04679,0.044855,0.043753,-0.043498,-0.018392,0.24587,0.042604,-0.080314,-0.063226,0.065044,-0.0054434,0.045657
0.090423,-0.053486,0.056112,0.099601,0.035704,-0.0053516,0.20489,-0.11445,0.037375,0.043558,-0.136,-0.0032302,0.059593,-0.091965,-0.0051569,-0.063727,-0.15501,-0.022776,-0.090539,-0.057541,0.13482,-0.09963,0.013761,-0.0084767,0.091988,0.034821,-0.067857,-0.046366,0.048096,-0.023236,0.044471,-0.10561,0.12823,-0.024529,-0.070467,-0.11832,0.0030438,-0.13069,0.12682,-0.010491,-0.067521,0.18424,-0.039408,-0.067776,0.050343,-0.032992,0.11118,-0.036827,-0.051026,0.163,-0.053615,-0.12318,-0.078338,-0.0023958,0.0053273,0.019976,0.059668,0.042756,0.056568,0.054771,-0.04091,-0.032194,0.11826,0.14836
0.010321,-0.061782,0.11213,0.080798,-0.084746,0.058657,-0.0073979,-0.014139,-0.07101,-0.02778,-0.19492,-0.0090431,0.16614,-0.12349,0.031607,-0.11737,-0.067842,0.060163,0.024215,-0.057659,-0.0043026,-0.11174,-0.0011806,0.022153,0.017958,0.023322,-0.15673,-0.024616,0.049152,0.16187,-0.053557,-0.11231,0.21811,0.0044505,-0.061921,0.011686,-0.13783,0.17272,-0.060273,0.0054638,-0.015085,0.047833,0.030704,0.045914,-0.058749,0.098223,0.035584,-0.11855,-0.16198,0.0092583,-0.047018,-0.10602,0.0016866,-0.012419,-0.038487,-0.1552,-0.11267,-0.058884,0.00712,-0.030955,0.060658,-0.077755,0.012089,0.011269
0.087626,-0.06347,0.032859,-0.035089,-0.015371,0.13941,-0.23157,0.017987,-0.059962,-0.024666,-0.070122,0.035202,0.14673,-0.12521,-0.028584,0.0069728,-0.014989,-0.020319,-0.020372,-0.10381,-0.13013,0.0066736,-0.0362,0.10807,0.08214,-0.061446,-0.14725,-0.10254,0.0090136,0.11179,0.0058884,0.01298,0.099779,0.027876,-0.021093,0.029437,-0.13954,-0.053552,0.019561,0.083748,0.13161,-0.025161,-0.075899,0.021815,-0.14496,-0.11966,-0.14214,-0.0053439,0.11313,-0.06161,0.15747,-0.00039784,0.12105,-0.094723,-0.068914,-0.053902,0.11212,0.026051,-0.0027886,0.0015317,0.056678,0.090292,-0.067394,-0.016519
0.072852,-0.12239,-0.063332,-0.15441,0.19508,-0.095194,-0.031893,0.17784,0.033351,0.049401,-0.14918,0.14181,-0.094235,-0.04866,0.074441,-0.02386,9.9377e-05,0.0060836,0.16032,0.050664,0.13413,-0.016145,0.093124,0.044735,-0.044432,-0.030959,0.038208,-0.03361,0.14635,-0.031686,0.068667,-0.035666,0.012549,0.0051847,-0.094645,0.059363,-0.051737,-0.0035807,-0.039304,-0.08458,-0.0040585,0.04139,0.10638,0.031599,-0.019634,0.065183,0.12,0.12355,0.080067,-0.016814,-0.053506,-0.065023,0.0066434,0.1273,0.086437,-0.017677,-0.024646,0.13139,0.016109,0.037488,0.072033,0.12895,0.12978,0.064104
-0.028282,-0.14648,0.0048053,-0.10541,-0.0059048,-0.074122,0.075928,-0.064801,0.070411,0.029479,-0.11382,-0.0012121,-0.18031,-0.049014,-0.039866,-0.054833,-0.03907,0.062558,0.080416,0.10713,0.060314,0.15291,0.14904,-0.080238,0.08271,-0.063101,0.088381,-0.040207,0.078172,0.083567,-0.0091027,0.10424,0.060572,0.033105,-0.090253,0.051048,0.013557,-0.10385,-0.077046,-0.010153,0.061688,-0.12063,0.11822,-0.060485,0.0031629,0.023152,-0.23824,-0.00079554,-0.057887,-0.087711,0.073713,-0.15722,-0.007824,0.034894,-0.073999,0.079343,-0.01197,0.063493,-0.19636,-0.01203,0.058279,-0.16954,0.03984,0.093937
-0.079026,-0.12812,0.077796,-0.10069,-0.095418,-0.0047703,0.052325,-0.04994,-0.034596,-0.070451,0.03949,-0.025681,-0.093231,-0.046552,-0.18184,-0.017793,0.064741,0.1038,-0.10428,0.090091,-1.1381e-05,-0.024107,0.10874,-0.036168,0.047165,-0.06145,0.13823,0.11234,0.065641,0.011022,-0.11448,0.18618,0.16286,0.006231,-0.074042,-0.0065592,0.10482,-0.056582,-0.070717,-0.058725,0.17561,-0.079499,-0.033679,-0.012543,0.062922,0.027751,-0.089224,-0.14886,0.14914,0.030902,-0.051019,-0.1222,0.036574,0.090388,0.038398,-0.0132,0.01768,-0.13857,0.069479,0.054529,-0.19835,0.11037,-0.045182,0.073512
-0.017597,-0.12061,0.062018,-0.015522,0.0066724,-0.073217,-0.037539,0.11632,-0.11049,-0.063613,0.13875,-0.098822,-0.014738,-0.044957,-0.15694,0.063478,0.1604,0.044185,-0.11169,0.10753,-0.028949,-0.14167,0.052416,0.050697,0.072409,-0.016135,0.13533,-0.06406,0.058686,-0.13257,0.046233,0.081908,0.087916,-0.073461,-0.00042346,-0.10408,0.090182,-0.038569,0.0072647,0.04469,0.17212,0.11257,-0.037204,0.053349,0.07363,0.24811,0.10774,0.029489,-0.058369,0.070295,0.098391,-0.021526,0.079402,-0.01294,-0.043666,0.0031585,0.053741,0.034752,0.16041,-0.019092,-0.0063053,-0.13485,-0.064212,0.010941
0.12028,-0.087254,0.019325,0.1131,0.10957,-0.24951,-0.088426,0.10233,0.026233,0.11282,0.0086206,-0.27257,0.061841,0.00234,-0.051966,0.048346,0.01474,-0.059006,0.09907,0.056481,-0.12409,-0.076517,-0.02683,-0.064167,-0.057685,0.018729,-0.021754,-0.031946,0.11169,-0.032349,0.057473,-0.011256,0.063218,-0.036806,0.11492,-0.045899,0.02867,0.066401,0.017789,0.070368,-0.0013886,-0.072441,0.090049,0.036528,-0.043861,0.015058,-0.10493,0.051553,0.089713,0.11251,0.052703,-0.0615,-0.00046592,0.06813,0.11437,-0.12135,0.0021111,0.13995,-0.033363,0.033977,0.1481,-0.034853,-0.1569,-0.018171
-0.024928,-0.13353,0.0054322,0.030929,-0.035667,-0.11007,0.024823,-0.089841,0.075845,0.04237,-0.071233,-0.10081,0.050622,-0.068258,-0.073488,-0.060693,-0.17184,-0.058297,0.088472,-0.014032,-0.016182,0.010888,0.017601,-0.21924,-0.031094,-0.0061867,-0.1485,-0.10239,-0.045027,0.033971,0.026705,0.0892,0.06603,-0.086399,0.1822,0.0074974,0.0052229,-0.17839,-0.040243,0.091785,-0.031223,0.12654,0.05227,-0.028005,-0.0071735,-0.022265,0.16496,-0.052688,0.1028,-0.11986,0.17168,-0.13757,-0.063722,-0.066831,0.0001609,0.077276,0.036844,-0.0077427,-0.078677,0.089941,-0.005118,0.16974,-0.12044,0.0089359
-0.079711,-0.12209,0.031422,-0.065167,-0.09439,0.032731,0.0085248,-0.056045,-0.0097654,-0.080156,-0.031703,0.058112,0.12503,-0.13016,-0.10417,-0.04868,-0.1078,0.014165,-0.023521,-0.090378,0.025842,-0.18769,-0.024443,-0.12565,-0.046832,0.022449,-0.17038,-0.019878,-0.060447,0.046659,-0.040943,0.12543,0.13836,-0.095114,0.097575,0.14332,0.15194,0.12517,-0.03883,0.03205,-0.040217,-0.043808,-0.03245,0.066812,-0.15521,0.1064,0.022512,-0.18442,-0.016705,-0.098331,-0.096081,-0.11078,-0.09941,0.079631,0.044794,0.082114,-0.063015,-0.030643,0.031663,-0.067827,-0.10169,-0.13605,0.028757,-0.10812
-0.019855,-0.12333,-0.017872,-0.10528,0.053725,0.032075,-0.059439,0.14864,-0.074877,-0.074253,-0.053228,0.15265,0.086388,-0.10821,-0.052511,0.040137,-0.022064,0.0022301,-0.0021451,-0.030002,0.084889,-0.27178,-0.05466,0.037441,-0.022589,0.020654,-0.10698,-0.13328,0.041604,-0.079172,0.015609,0.0088464,0.0049759,-0.04978,-0.014382,0.20249,0.11349,-0.0076033,0.16811,-0.0074247,0.030104,-0.015229,-0.043811,0.098397,-0.127,0.070776,-0.085485,0.090848,0.0454,0.14175,-0.10119,-0.047128,0.024146,-0.061806,-0.12402,0.16038,0.046457,0.055133,0.032045,-0.020679,0.050978,0.04126,0.090312,-0.068523
0.057967,0.088482,0.052863,0.032941,-0.094536,-0.24359,0.064326,0.096762,-0.0095003,-0.092227,0.049353,0.24854,-0.04476,0.083534,-0.00049951,0.12081,-0.059489,-0.038984,-0.088366,0.0091324,-0.15917,0.016548,-0.023652,-0.050421,-0.13874,0.024962,-0.077462,-0.1464,-0.001884,0.071631,-0.13221,0.11692,-0.0022746,0.096112,-0.17793,0.033814,-0.033906,0.059167,-0.14588,0.21088,0.051848,0.17351,0.0072246,-0.17851,-0.040528,-0.096279,-0.079633,0.080639,-0.027604,0.14469,0.14413,0.0064847,0.0027019,0.066548,0.0056867,-0.051621,-0.076972,-0.06294,0.09386,0.09996,-0.15771,-0.070311,0.12262,0.044402
-0.079643,0.090654,0.062675,-0.0572,0.0062218,-0.074358,0.032732,0.0035768,-0.12686,0.041636,0.14579,0.085441,0.060817,0.073588,-0.041966,0.13016,-0.12308,0.099999,0.061628,0.040848,0.00061426,0.10619,0.014947,0.091459,-0.10022,-0.083643,-0.16313,-0.12228,0.11698,0.13645,0.047174,-0.037591,0.010682,0.11239,-0.0047854,-0.1471,0.11383,-0.11234,-0.10739,0.036634,0.14294,-0.10883,0.0024869,-0.061555,-0.01263,-0.063769,0.17716,0.079974,-0.15409,-0.018818,-0.098353,-0.055414,-0.13423,-0.12182,0.15793,-0.078549,-0.025388,0.068512,0.10684,-0.070056,-0.061985,-0.041142,0.058801,-0.097169
-0.13759,0.085311,0.062768,-0.0796,0.084096,-0.028921,-0.041279,-0.10926,-0.060345,0.051915,0.064939,0.03305,0.080866,0.086077,0.012411,0.045284,-0.03441,0.10287,0.028228,0.0078257,0.012924,0.077212,0.12302,-0.013035,-0.072226,-0.064982,-0.14286,0.065641,0.19921,-0.02779,0.12892,-0.10096,-0.0060522,0.012126,0.071777,-0.12548,0.14725,0.048957,-0.00010393,-0.085889,0.15742,0.0001164,-0.14129,0.010087,0.10306,-0.10473,-0.0098876,-0.009572,0.061612,-0.0052527,-0.13845,-0.073193,-0.10664,-0.20166,-0.051249,0.038006,0.013,0.023932,-0.061748,-0.0065444,0.20268,-0.088857,-0.04939,-0.0071555
-0.087969,0.11167,0.023737,-0.093519,0.014685,-0.081145,-0.066976,-0.059294,0.024284,0.025883,-0.065675,0.0012742,0.059485,0.15566,0.072717,0.017432,0.06332,0.02585,-0.13545,-0.077818,0.0024517,-0.042776,0.24859,-0.087284,-0.020754,0.0024044,-0.071008,-0.036649,0.15744,-0.043392,0.021427,0.050352,-0.058214,-0.0093305,0.10149,-0.077671,-0.082925,0.10945,0.1873,-0.083267,0.083998,0.10101,-0.1949,-0.01782,0.10752,-0.0027784,-0.15163,-0.047805,-0.10058,-0.080162,-0.039441,-0.070735,-0.10811,0.11204,-0.038415,0.065173,0.050623,0.051274,-0.12844,0.12505,0.04934,0.15168,-0.038483,-0.22839
0.0080378,0.11881,-0.021022,-0.18361,-0.13384,-0.11041,0.041101,0.13359,0.026264,0.0039213,-0.10046,-0.09651,0.12781,0.10305,0.067912,0.065948,0.0080835,-0.047913,-0.19435,-0.029678,0.043374,0.004155,0.17876,0.094158,-0.063724,0.011799,0.023447,-0.10662,-0.026605,0.15486,-0.14245,0.13732,0.0071377,-0.035363,0.15498,-0.065977,-0.21786,0.078312,0.055807,-0.17512,-0.033055,-0.01013,-0.035239,-0.097081,-0.068453,0.03504,0.075733,0.20837,-0.0074524,0.035594,0.03438,-0.0079967,-0.12216,0.08815,-0.028546,0.1376,-0.031793,-0.11454,-0.13661,-0.051888,-0.12749,-0.011481,-0.14175,-0.015206
-0.07177,0.10036,0.0034291,-0.11951,-0.00076897,-0.016367,0.083687,0.029037,-0.06679,0.033015,0.0093513,-0.069546,0.21382,-0.013141,0.017132,0.00030274,-0.07155,-0.081647,-0.037391,0.098393,0.037779,0.13139,-0.026548,0.17886,-0.070909,0.0011259,0.10119,-0.11015,0.011994,0.15042,-0.070563,-0.014222,-0.0047657,-0.21862,0.064152,0.042029,0.10694,-0.15889,-0.061152,-0.10009,-0.06416,0.015212,0.12158,-0.045692,-0.18822,-0.14292,-0.064495,0.07084,-0.12979,0.055785,-0.1256,-0.044139,0.10632,-0.0019636,0.055411,0.009771,0.07428,-0.070011,0.19323,-0.01614,-0.073778,-0.0061798,-0.15141,0.098095
-0.12788,0.08481,0.039755,-0.062152,0.10419,-0.012855,0.0031532,-0.10015,-0.031229,0.0050632,0.04546,-0.0088888,0.16068,-0.0064601,0.02177,-0.093794,-0.03512,-0.10858,0.0016894,0.089825,0.0024815,0.097253,0.0013925,0.00415,-0.12094,-0.034698,0.15921,0.059677,0.12505,-0.0094529,0.073433,-0.094816,-0.040938,-0.26038,-0.092412,0.068827,0.20108,0.083127,-0.052642,-0.044302,-4.5504e-06,0.055973,-0.025915,0.00077612,-0.12802,-0.10342,0.025646,-0.10593,-0.085621,-0.013432,0.048249,-0.10453,0.15567,-0.12964,-0.1874,-0.11032,-0.1158,0.027786,-0.0025474,0.022735,0.087116,0.09577,0.034916,0.088566
-0.071618,0.10877,0.029616,0.0044616,0.040734,-0.11799,-0.023193,-0.062741,0.017927,-0.052136,-0.0023384,0.10491,0.045448,0.076581,0.018453,-0.040592,0.037321,-0.10475,-0.086205,-0.011434,-0.08295,-0.033517,0.074118,-0.17322,-0.059152,0.047178,0.11024,-0.086081,0.13862,-0.032035,-0.0054148,0.03771,-0.099764,-0.059303,-0.23652,0.088546,-0.045497,0.083347,0.1458,0.16255,-0.029084,-0.00040665,-0.17033,-0.037978,-0.12426,-0.11753,0.094489,-0.18037,0.025594,-0.04801,0.12566,-0.070374,0.11232,0.10722,0.024382,-0.10345,0.14149,-0.048863,-0.13847,-0.028472,0.064988,-0.061121,0.1935,0.12338
0.17047,0.02186,0.071732,-0.026314,-0.19771,-0.061165,-0.038843,-0.10722,0.030141,0.076253,0.090224,0.031987,-0.010864,0.11718,0.040496,0.15885,0.14458,-0.068971,0.014987,0.18523,0.2267,-0.043037,-0.12298,-0.050047,0.030435,0.13119,-0.025093,0.00086728,0.006579,0.034259,-0.19033,0.043719,-0.061125,-0.054255,-0.061481,0.15597,0.089425,0.043862,-0.035423,-0.14393,-0.07077,0.14211,0.074954,0.18307,0.032138,0.0063144,0.0040201,0.11039,0.0049561,-0.050619,-0.039224,-0.071701,0.084416,-0.0044298,-0.038292,-0.082032,-0.078268,-0.17135,-0.077436,0.20938,0.10985,-0.059056,-0.11348,0.017303
0.015934,0.044392,0.1074,-0.031837,-0.024881,-0.0072086,0.089941,-0.069058,-0.1337,0.17491,0.098559,0.045808,-0.0079173,0.07433,0.076165,0.13346,-0.041862,0.13096,-0.075414,0.18417,0.072023,-0.042305,-0.10205,0.079388,-0.020222,0.022197,-0.18442,-0.0064696,-0.019865,-0.062138,0.044911,0.083783,-0.089584,0.0044111,0.02173,0.065119,-0.01692,-0.015087,0.047699,-0.037558,0.21356,-0.11373,0.21038,0.087152,0.011917,-0.016816,0.026795,-0.0010306,-0.020705,-0.19842,0.18035,0.040546,-0.010837,0.16223,-0.066425,-0.069557,0.040541,-0.025322,0.0049126,-0.093167,-0.024939,0.10843,0.027454,-0.010133
-0.063279,0.048552,0.13053,-0.0034058,0.06123,-0.017633,-0.016577,-0.053307,-0.14509,0.041485,-0.027798,0.038725,0.0026078,0.069957,0.15775,0.037687,-0.033413,0.16867,0.0034412,-0.005649,-0.038472,0.059568,0.0035746,0.018384,-0.055032,0.0022617,-0.18552,0.14029,0.062454,-0.12646,0.15972,0.091635,-0.0772,-0.0076793,0.080956,0.0079936,-0.076244,-0.028565,-0.074269,0.0194,0.12317,-0.042634,0.079445,-0.01613,0.057915,-0.014908,-0.0068811,-0.076027,0.2219,0.1196,0.0073622,0.024132,0.037203,0.078657,-0.01614,0.18024,0.024397,-0.023921,0.060786,-0.012909,0.015404,-0.10473,-0.060562,0.2419
0.019597,0.077359,0.086446,-0.065166,0.015196,-0.0049176,-0.084959,-0.095251,-0.025311,-0.12955,-0.10836,-0.0019622,-0.0051765,0.17293,0.16329,0.039937,0.044586,0.06808,0.13201,-0.11651,-0.10053,-0.03231,0.07764,-0.01529,0.11215,-0.011545,-0.15358,0.065191,0.12267,-0.074631,0.013072,0.077677,-0.11562,0.041724,0.097516,0.0055149,0.033808,-0.13284,-0.114,0.10614,-0.061131,0.093158,0.011592,0.081529,0.12459,0.15313,-0.068454,-0.076563,-0.14433,0.10372,-0.048315,-0.11907,0.15208,0.034486,0.081837,0.069268,-0.010381,0.068188,0.13873,0.1599,-0.1252,-0.10207,0.033086,-0.052066
0.14127,0.10852,0.018292,-0.19349,-0.010856,0.021507,0.12457,-0.097796,0.093333,-0.15203,-0.014413,-0.0039359,0.070762,0.12351,0.04908,0.10254,-0.058377,-0.09921,0.12993,0.036692,-0.11293,-0.21161,0.061758,0.086384,0.16109,-0.11464,-0.08306,0.013935,0.021296,-0.0032521,-0.18651,0.02777,0.00816,0.11926,0.0042399,-0.14551,0.051736,0.077808,-0.043365,0.071569,-0.011242,-0.0098667,-0.022686,0.21252,0.064191,0.081658,0.02952,0.090795,0.048091,-0.0019112,0.099661,-0.078591,-0.062104,-0.1259,0.045299,-0.15246,-0.10011,-0.10769,-0.06,-0.11004,0.095705,0.041483,0.12586,0.0069451
0.027409,0.067571,0.063696,-0.038417,0.058473,0.013572,0.19129,-0.07613,-0.053199,0.0051445,0.014459,0.033976,0.12965,-0.030667,0.07965,-0.033102,-0.14809,-0.14546,0.0012577,0.14819,-0.04398,-0.086603,-0.10409,0.13964,0.042584,-0.1324,0.067791,-0.017566,-0.096789,-0.095214,-0.078365,0.0084788,-0.019248,-0.12968,-0.068742,-0.14596,-0.0044118,-0.074673,0.082677,0.10298,0.079005,0.075232,0.15726,0.11236,-0.087321,-0.012335,-0.1391,-0.021714,0.11013,-0.13481,-0.05759,0.10573,-0.187,0.048065,0.064524,0.0372,0.11855,-0.03916,-0.058892,0.11819,0.068838,-0.079085,0.11079,-0.017029
-0.055989,0.048437,0.11673,0.0544,0.076649,-0.030499,0.0083081,-0.053564,-0.10008,0.00062909,-0.017467,0.0478,0.11233,-0.030841,0.15079,-0.14933,-0.025802,-0.15134,-0.01994,0.046589,-0.013236,0.071924,-0.082416,0.0030094,-0.12004,-0.10568,0.17225,0.14401,0.033215,-0.113,0.075725,0.095515,-0.08485,-0.1813,-0.029807,-0.028854,-0.079934,0.034369,-0.095012,0.004733,0.01706,-0.02392,0.077539,0.026373,-0.09322,0.15451,0.027904,-0.098332,0.034656,0.045225,0.084507,0.04086,-0.08959,0.06538,-0.087189,0.13128,-0.20696,0.10954,0.011511,-0.013722,-0.083362,0.030319,-0.059687,-0.11024
0.039016,0.055084,0.087994,0.059336,-0.056755,-0.05274,-0.13152,-0.10502,-0.018982,-0.042865,-0.036776,0.046478,0.057591,0.079585,0.11269,-0.047034,0.17529,-0.14923,0.026771,-0.0066723,0.11553,0.031224,-0.076697,-0.12922,0.015051,0.062282,0.14273,0.011092,0.15746,0.0027612,-0.07064,0.12051,-0.11987,-0.068644,-0.040029,0.044779,-0.0029434,-0.19269,-0.018709,-0.04328,-0.16286,-0.11547,-0.068458,0.12963,-0.064676,0.085884,0.08119,-0.0038858,0.014666,0.13473,0.022868,-0.13756,0.01624,-0.058078,0.11597,0.12977,0.16707,-0.0205,0.02432,-0.18973,-0.060647,0.041842,-0.029202,-0.1222
0.15609,-0.084061,0.021971,-0.18193,0.0199,0.043197,-0.11463,-0.12056,0.091156,0.16065,0.028089,0.0016998,-0.076194,-0.098158,0.048988,0.10408,0.064826,-0.09167,-0.11002,0.040613,-0.14043,0.19288,0.032807,0.076077,0.21011,0.05776,0.041959,0.074805,-0.037163,-0.036802,-0.17197,-0.06933,0.005908,-0.12998,-0.019161,-0.14182,0.071851,0.082852,-0.032101,0.063376,0.013383,0.017391,-0.12896,-0.1358,-0.048492,0.10109,0.063351,-0.093028,0.036611,-0.04303,-0.082291,0.081157,-0.068935,-0.026674,0.095856,0.11874,-0.17983,-0.099569,0.083121,0.12508,0.089519,-0.00035274,0.11345,0.012566
0.030014,-0.065015,0.096902,-0.052718,-0.016786,-0.018302,0.088084,-0.10348,-0.026954,0.15801,-0.068892,-0.0362,-0.14398,-0.053813,0.16826,0.035264,-0.04989,0.091805,-0.11379,0.14491,-0.076812,0.0090214,0.063869,-0.005835,0.12473,0.10174,-0.068475,0.093931,-0.14244,0.068147,0.016244,-0.071293,-0.11294,-0.059344,-0.096373,0.020143,0.00046313,0.051587,0.17319,0.10196,0.077723,-0.084004,-0.0195,-0.032816,-0.10854,0.16294,-0.081213,0.073667,-0.13455,0.095998,-0.015846,0.096028,0.21182,-0.098673,0.0045718,-0.0068019,-0.0023518,0.056007,-0.14515,-0.16261,-0.12571,0.051115,0.04391,-0.058522
-0.05527,-0.049783,0.13354,-0.0097518,-0.060001,-0.014761,0.020826,-0.053701,-0.14316,-0.040464,-0.040221,-0.052225,-0.053588,-0.031475,0.1602,0.042411,0.022277,0.16873,0.019272,-0.0052212,-0.036984,-0.056616,0.0067166,0.036753,-0.042369,0.14002,-0.076563,0.16188,-0.067722,0.15073,0.13417,-0.058908,-0.080806,0.0037545,-0.085693,0.016575,-0.10947,0.028185,0.050935,0.033131,-0.12605,0.038501,0.071904,-0.037657,-0.044758,-0.0022334,-0.013813,0.10011,0.20858,0.081452,-0.1111,-0.033581,0.053733,-0.019036,-0.019161,-0.15558,0.11332,-0.028985,-0.064633,0.0088819,-0.018495,0.13823,-0.06362,0.22841
0.02633,-0.032169,0.1034,-0.032922,0.039903,0.015122,-0.082034,-0.07757,-0.12216,-0.20034,0.039635,-0.05283,-0.069594,-0.014623,0.075645,0.14487,0.030785,0.099026,0.082142,-0.20863,0.012353,0.041737,-0.10752,0.085034,0.014262,0.15037,-0.084442,0.025865,0.0092681,0.067897,0.025935,-0.071805,-0.10742,-0.012187,-0.014596,0.065037,-0.0074836,-0.075858,-0.009833,-0.016532,-0.2132,0.082792,0.12156,-0.21138,-0.016559,0.019418,0.048033,-0.028937,-0.034787,-0.24551,-0.045665,-0.053568,-0.028391,0.070468,-0.18474,0.0078332,0.036987,-0.024382,0.022621,0.099078,-0.0071688,-0.11093,0.034226,-0.004118
0.17594,0.0093848,0.069323,-0.007169,0.19622,-0.061077,0.036201,-0.12602,0.047597,-0.09514,0.063174,-0.04182,-0.09885,-0.024382,0.032892,0.16707,-0.14152,-0.099386,-0.058011,-0.22817,0.14054,0.01786,-0.13024,-0.067335,0.025216,-0.015612,-0.13278,-0.0233,-0.011619,-0.081492,-0.16746,-0.084286,-0.070624,0.060709,0.070566,0.14492,0.11014,0.070008,0.0087215,-0.15347,0.054405,-0.13706,-0.045255,-0.17208,-0.025428,0.025896,0.003959,-0.11125,0.022963,-0.0072356,0.03361,0.023795,0.10996,0.034468,0.0090241,0.038964,-0.12383,-0.18138,0.073755,-0.18351,0.099489,0.076149,-0.13529,0.0024767
0.043037,-0.043952,0.091528,0.066202,0.040146,-0.071021,0.12414,-0.11212,-0.013129,0.04361,-0.024934,-0.049102,-0.026956,-0.090416,0.11191,-0.052512,-0.16076,-0.1599,-0.063981,-0.015898,0.10136,-0.053487,-0.074186,-0.13626,-0.035677,-0.15724,-0.0018071,-0.032605,-0.15867,-0.016152,-0.042664,-0.11941,-0.11217,0.066771,0.034526,0.029424,-0.024643,-0.067428,0.18106,-0.05234,0.17764,0.12567,-0.082886,-0.05858,0.087698,0.091703,0.092072,0.03576,0.011913,0.086229,-0.080435,0.14743,0.059313,-0.12563,0.11314,0.032444,0.1875,-0.025246,-0.042569,0.18488,-0.043842,-0.066505,-0.029834,-0.093268
-0.049117,-0.050137,0.12011,0.044042,-0.080863,-0.024668,-0.010143,-0.050017,-0.10341,-0.011904,-0.015859,-0.029183,0.07515,-0.094916,0.15129,-0.1399,0.042668,-0.15259,0.011405,-0.037973,-0.026095,-0.06821,-0.075422,0.0041549,-0.13557,-0.15762,0.14371,0.13006,-0.011898,0.13176,0.056267,-0.058842,-0.097362,0.17007,0.018837,-0.038964,-0.11011,0.083769,0.0021361,0.014107,-0.019497,0.0088585,0.061929,-0.053284,0.10458,0.17077,0.010129,0.085708,0.0094732,-0.0013995,-0.079648,-0.0026164,-0.08056,0.013034,-0.035941,-0.25468,-0.11312,0.1042,-0.034444,0.002554,-0.085993,-0.060973,-0.056505,-0.12695
0.041467,-0.060407,0.063178,-0.049611,-0.053651,0.050713,-0.18526,-0.084199,-0.055856,-0.014493,0.016887,-0.0044143,0.070074,-0.10428,0.073136,-0.012022,0.1649,-0.15009,0.0045727,-0.10231,-0.094776,0.08386,-0.11149,0.12857,0.078491,-0.049407,0.1223,0.011623,0.095398,0.080332,-0.10982,-0.014941,-0.035965,0.099819,0.061362,-0.15808,0.0072627,-0.11874,0.017335,0.10884,-0.059331,-0.096855,0.055718,-0.17859,0.079857,0.0165,-0.15875,-0.0030388,0.11784,-0.07391,0.10411,-0.072778,-0.17864,-0.081031,-0.040369,0.012855,0.13904,-0.045556,0.083806,-0.12531,0.044896,0.099166,0.093532,-0.033738
0.027694,-0.11784,-0.021171,-0.16618,0.1546,-0.096965,-0.062762,0.11279,0.038205,0.031623,-0.098513,0.10155,-0.090105,-0.14197,0.08482,0.051942,-0.015856,-0.066551,0.1649,0.0085967,0.083355,0.054036,0.18615,0.091308,-0.053612,0.0038765,0.029514,-0.11508,0.024683,-0.1898,-0.06982,-0.13668,-0.012461,0.045616,-0.16151,-0.052514,-0.20486,-0.034953,-0.14015,-0.17682,0.023498,0.0070639,0.024928,0.073694,0.054044,0.0064874,0.10421,-0.19915,-0.012524,0.058347,-0.02565,0.049301,-0.10172,-0.018215,-0.050805,-0.17047,0.054716,-0.11738,0.089482,0.045788,-0.1331,-0.023976,-0.15032,-0.040631
-0.069119,-0.12137,0.031896,-0.089801,-0.016517,-0.082902,0.05475,-0.07167,0.032312,-0.0044001,-0.074164,-0.020914,-0.12242,-0.10958,0.080433,0.0083259,-0.07233,0.01686,0.11585,0.062631,0.054396,0.065881,0.24336,-0.089103,-0.0081078,0.08919,-0.006589,-0.010466,-0.17094,0.049747,0.013369,-0.039564,-0.061135,0.0085612,-0.11279,-0.048654,-0.045304,-0.11372,-0.19528,-0.074096,-0.07787,-0.060309,-0.17464,0.10752,-0.13403,0.0005565,-0.16076,0.0044551,-0.072706,-0.048349,0.10523,0.12237,-0.051827,-0.0069092,-0.091629,-0.079373,0.081173,0.036529,0.11364,-0.12303,0.090318,-0.16753,-0.045995,-0.19305
-0.12306,-0.10046,0.066863,-0.087334,-0.074331,-0.02815,0.043204,-0.1108,-0.055068,-0.074949,0.050101,-0.022795,-0.048977,-0.10506,0.016936,0.050025,0.030433,0.10266,-0.021511,-0.027216,0.0073181,-0.063296,0.12085,0.01085,-0.055277,0.14792,0.02228,0.11088,-0.2009,0.063257,0.09707,0.10104,0.0097024,-0.0064344,-0.087211,-0.11747,0.15066,0.025297,-0.0093671,-0.074371,-0.17054,0.032628,-0.12357,0.067541,-0.10321,-0.11259,-0.021314,0.024644,0.090506,0.042425,0.12442,0.087685,-0.072532,0.029636,0.21531,-0.0025768,-0.0038698,0.025651,0.062087,0.0095296,0.16396,0.14546,-0.069519,-0.00070826
-0.062464,-0.098017,0.064031,-0.049327,0.014806,-0.067177,-0.042775,0.002104,-0.12321,-0.08772,0.12372,-0.073539,-0.040386,-0.096802,-0.040131,0.14596,0.11347,0.1026,-0.039236,-0.043432,-0.021559,-0.075118,0.013724,0.12756,-0.073021,0.20824,0.069143,-0.06283,-0.11788,-0.11212,0.075516,0.033224,0.013419,-0.10877,-0.0078887,-0.15668,0.077656,0.041506,0.15431,0.043129,-0.14919,0.08855,0.064962,0.037923,0.011091,-0.092641,0.18751,-0.04894,-0.13082,0.028479,0.13849,0.076599,-0.1101,-0.13747,0.091364,0.10814,-0.065443,0.078029,-0.1219,0.063447,-0.064211,0.0053794,0.078718,-0.12493
0.072307,-0.080377,0.05625,0.051275,0.093636,-0.22782,-0.10293,0.078003,-0.011313,0.075116,0.050293,-0.25467,-0.034882,-0.046935,-0.014928,0.14698,0.045892,-0.045028,0.11272,0.049391,-0.12465,0.003417,-0.017082,-0.046186,-0.12311,0.13729,0.014486,-0.12443,0.004993,-0.10444,-0.077466,-0.13396,-0.023267,-0.097153,0.1926,0.016858,-0.071555,0.14777,0.0048849,0.20602,-0.042968,-0.17145,0.059015,0.12698,0.022902,-0.12954,-0.057465,-0.076516,-0.059975,0.07065,-0.19592,0.0053906,-0.028267,0.020689,-0.10339,-0.006511,-0.078259,-0.070413,-0.096515,-0.11166,-0.14808,0.038543,0.13974,0.050451
-0.057761,-0.11579,0.0351,0.00024509,-0.047286,-0.11626,0.0086349,-0.071186,0.017944,0.046305,0.0081707,-0.10243,-0.023323,-0.091304,0.012792,-0.034247,-0.03072,-0.11482,0.082914,0.044935,-0.049654,0.033632,0.075411,-0.18754,-0.08963,-0.070173,0.032181,-0.089806,-0.14239,0.030008,-0.0097787,-0.019035,-0.094211,0.066505,0.24103,0.077133,-0.018205,-0.077511,-0.14952,0.1555,0.054745,0.0087998,-0.14234,0.096211,0.12635,-0.12781,0.079135,0.17908,-0.0079007,-0.13982,-0.070574,0.044036,0.085696,0.035497,-0.13251,0.12869,0.094836,-0.054281,0.1731,0.04071,0.019247,0.10656,0.16471,0.10812
-0.11521,-0.098684,0.044911,-0.0761,-0.094591,-0.0068765,0.0016461,-0.096229,-0.032547,-0.027497,0.052943,0.040768,0.044787,-0.13489,0.02837,-0.087128,0.055569,-0.11093,-0.0078353,-0.085216,-0.026502,-0.086626,0.0066171,0.0001549,-0.14796,-0.13116,0.10026,0.045106,-0.10247,0.045108,0.045919,0.10371,-0.039696,0.26921,0.093218,0.042234,0.19695,0.10605,-0.014034,-0.042814,-0.016362,-0.057172,-0.023784,0.0099034,0.12785,-0.11054,-0.0099858,0.10512,-0.1003,-0.072708,-0.02554,0.050373,0.12717,0.21671,0.095809,0.020145,-0.18178,0.031895,0.024987,-0.014077,0.090916,-0.065427,0.033511,0.085144
-0.052371,-0.11,0.0037654,-0.12327,0.02826,0.0011976,-0.084066,0.028953,-0.061786,-0.037091,0.010284,0.11889,0.038598,-0.17803,0.031408,0.0035471,0.086874,-0.090058,0.025511,-0.10332,0.0072579,-0.09373,-0.010976,0.18435,-0.08616,-0.069015,0.068154,-0.13458,-0.00041104,-0.15745,-0.03336,0.0055865,-0.013626,0.2205,-0.058035,0.01544,0.08238,-0.012793,0.17317,-0.10415,0.057985,-0.037759,0.14937,-0.041919,0.17282,-0.16086,-0.080676,-0.056469,-0.11539,0.10137,0.072176,0.0044839,0.12826,-0.035838,0.011363,0.062203,0.065084,-0.071124,-0.21411,0.016618,-0.038752,-0.027921,-0.11976,0.1327
