0.0018144
0.0020754
0.0015669
0.0023519
0.0036894
0.0018349
0.0013972
0.0017452
0.0019858
0.0015969
0.0010158
0.0020767
0.00058083
0.0014727
0.0010745
0.0023618
0.0016578
0.0022133
0.0014744
0.0035392
0.00075455
0.00072779
0.003035
0.0025304
0.0013822
0.0018331
0.00080257
0.0016042
0.0013479
0.0013005
0.0015937
0.00069686
0.0028999
0.0012808
0.0016141
0.0010523
0.0035245
0.001167
0.001291
0.0043303
0.0035559
0.0011829
0.0035472
0.0016908
0.0026079
0.00088267
0.0021871
0.00042721
0.0030781
0.0014934
0.0014047
0.0013364
0.0019724
0.0037705
0.0033751
0.0017859
0.0032994
0.0021613
0.001382
0.0023381
0.0017042
0.0013335
0.00061861
0.0033444
0.0025996
0.0010107
0.0014818
0.0037068
0.001696
0.0016698
0.0021904
0.0023577
0.0030358
0.0025304
0.003161
0.0019742
0.0017252
0.00050745
0.0020543
0.0006416
0.0013428
0.00068392
0.0015544
0.0017171
0.0011
0.0024175
0.0010973
0.0019571
0.001419
0.0031465
0.0021599
0.0017162
0.0018959
0.0017871
0.0015047
0.0022473
0.0020122
0.00135
0.00072398
0.002696
0.0025643
0.0016279
0.0010865
0.002396
0.0021461
0.0022148
0.0015898
0.0016498
0.0013212
0.0024504
0.00080693
0.00067493
0.002764
0.00088135
0.00070009
0.0023069
0.0016122
0.0030104
0.002032
0.0019063
0.0020542
0.0024082
0.0021314
0.0021068
0.00080362
0.0020889
0.0021872
0.0020849
0.0013067
0.0015588
0.0012458
0.0018631
0.0025036
0.0031391
0.002265
0.0026768
0.0010512
0.0010416
0.0014076
0.0023333
0.002124
0.0015756
0.0031668
0.00064083
0.0021113
0.0011094
0.0030657
0.00080707
0.0023117
0.0016172
0.0019237
0.0023103
0.0015875
0.0017178
0.001855
0.0032346
0.0024139
0.0017751
0.0027526
0.0013292
0.0024754
0.00262
0.0016024
0.0019136
0.0020865
0.0017594
0.0013241
0.0020134
0.0018757
0.0026459
0.0020143
0.0015065
0.0018381
0.0036916
0.0025598
0.0034818
0.0019303
0.0025504
0.0015645
0.0015463
0.0013375
0.0023859
0.0027551
0.0023253
0.0015114
0.0021932
0.0011942
0.0013559
0.00068952
0.0019388
0.0020029
0.0015799
0.0010209
0.0022109
0.0023323
0.0018454
0.0012631
0.0010879
0.004297
0.003269
0.0015879
0.0025111
0.002649
0.0012827
0.0019517
0.0026665
0.0026055
0.0046134
0.0040047
0.0016582
0.0010277
0.0018718
0.0012785
0.002119
0.0024257
0.0014659
0.0018636
0.0016929
0.00034715
0.00097537
0.0018321
0.0022387
0.0034586
0.0028565
0.0015679
0.0013613
0.0035996
0.0010794
0.00069813
0.00093659
0.0015827
0.00068252
0.0023245
0.0020608
0.0012817
0.0012796
0.002243
0.0031957
0.001557
0.0010869
0.0010857
0.0014093
0.0029424
0.00057931
0.0018274
0.0016429
0.0019334
0.0013907
0.0019454
0.0016916
0.00051376
0.0024873
0.0037071
0.0040405
0.0014162
0.0017055
0.0025874
0.0023878
0.0011519
0.0026719
0.0029866
0.0023706
0.0020979
0.0022043
0.0013873
0.0017663
0.0033424
0.0021715
0.0023092
0.0028073
0.0015479
0.0014036
0.0030702
0.0015294
0.0023787
0.0056649
0.0035097
0.0026206
0.0014313
0.00079005
0.0011182
0.0005209
0.0023388
0.0010308
0.003604
0.0028451
0.00072117
0.00084973
0.001658
0.00098054
0.0019793
0.0009961
0.00066461
0.00074052
0.0015754
0.00061546
0.0031179
0.0015181
0.0028838
0.0016049
0.0026379
0.0030705
0.0021391
0.0015561
0.0019467
0.0012173
0.0023291
0.0015719
0.0022426
0.001922
0.0025231
0.00059539
0.0020475
0.0024046
0.0022147
0.0025074
0.0015593
0.0023604
0.00096744
0.0015127
0.0024638
0.0019923
0.0026316
0.0018098
0.0017716
0.001845
0.0025043
0.0015549
0.0015251
0.00071872
0.0027406
0.0019951
0.002006
0.0022186
0.0014869
0.0018517
0.001815
0.001573
0.00084293
0.0036186
0.0025084
0.0019259
0.00098147
0.0026249
0.0033871
0.0006047
0.0020763
0.0014879
0.0010881
0.0017048
0.0023588
0.0016872
0.00307
0.0014071
0.0022209
0.0021429
0.0013729
0.0024528
0.00039065
0.0048572
0.00064066
0.0013956
0.001235
0.0021386
0.0034388
0.0020703
0.0008095
0.0010295
0.0028997
0.0022507
0.00242
0.0012069
0.0010722
0.0028162
0.0025352
0.0016781
0.00098691
0.0015689
0.0027683
0.0017502
0.0016142
0.001978
0.0023636
0.001657
0.0027915
0.0021216
0.00087276
0.0033555
0.0015432
0.0012438
0.0027586
0.0018242
0.0035754
0.0016297
0.0031051
0.00098092
0.001938
0.0018043
0.0020034
0.00077133
0.0021645
0.0024923
0.0021702
0.0020759
0.0032772
0.0016243
0.0035631
0.0032178
0.001641
0.0013645
0.0030019
0.0025641
0.0018844
0.0015204
0.0026841
0.0018999
0.002314
0.0015002
0.0032447
0.0014836
0.0037211
0.0021271
0.00063905
0.0015618
0.002333
0.0017867
0.0021062
0.0032276
0.0034134
0.0015003
0.0030651
0.0029492
0.00073793
0.0015752
0.001811
0.0010884
0.0034661
0.0012305
0.0014209
0.00060924
0.0022972
0.0016359
0.0017718
0.0016584
0.0014846
0.00093999
0.0011101
0.0032411
0.0024362
0.0011
0.0039696
0.0014641
0.0035562
0.0019697
0.0025538
0.0018469
0.0020844
0.0014997
0.0028726
0.0014444
0.0018003
0.0015488
0.0019406
0.002105
0.00096874
0.0018814
0.0010578
0.0019915
0.0021092
0.0027606
0.0017579
0.0014969
0.001268
0.0022131
0.0021466
0.0017212
0.0023813
0.0016452
0.001639
0.002367
0.0028159
0.0036338
0.0021274
0.0016727
0.0015112
0.0032813
0.0018131
0.001951
0.0026141
0.0026832
0.0014156
0.0023369
0.0012739
0.0020339
0.0011922
0.0020278
0.0022276
0.0010814
0.0015391
0.0023366
0.0034067
0.0010431
0.00077114
0.00096276
0.0024272
0.0013775
0.0021589
0.0011772
0.00084295
0.002735
0.0014081
0.00097993
