-0.073692,-0.035565,-0.045902,-0.16242,-0.26208,0.10955,-0.031311,0.19672,-0.042302,0.011186,-0.02836,-0.017889,-0.017249,0.012153,0.1155,0.13852,-0.095718,0.062366,-0.016307,0.076151,-0.013817,0.045925,-0.053647,0.046853,0.10905,-0.036603,-0.16092,0.12233,0.30389,-0.081994,-0.045051,-0.1119,-0.14053,0.017663,0.050945,0.026126,0.19252,-0.056719,-0.034679,-0.060111,0.10776,-0.0097752,0.0025562,0.050179,-0.041893,0.048091,-0.026576,0.15776,0.23601,-0.0814,0.02629,0.018287,-0.13848,0.1811,0.060479,-0.018258,-0.010365,-0.042147,0.027061,0.076122,-0.2111,0.05127,0.019889,0.055545
0.070813,-0.063655,-0.020677,0.0050011,-0.084603,0.04219,-0.022449,0.0086877,0.070991,-0.026919,0.057675,-0.071884,0.02819,0.10472,0.0074557,0.08431,-0.042296,0.070797,0.012875,0.018985,-0.051338,-0.017496,-0.03205,-0.067862,-0.14344,0.040324,0.025451,0.18177,0.01743,-0.01294,-0.09057,-0.011789,-0.066943,0.048029,0.24241,0.062007,0.089155,-0.11074,-0.0075565,0.080466,-0.064289,0.2011,0.0073183,0.0086673,0.1168,0.10036,0.045052,0.023404,-0.021812,0.11858,-0.06821,-0.15752,-0.031468,0.20094,0.086069,0.022638,0.03643,0.06416,0.011222,0.1327,0.039703,0.13969,-0.18263,-0.023693
0.091686,-0.072247,-0.063026,0.077337,0.064795,-0.028853,0.014289,-0.006526,0.23237,-0.21659,0.018078,-0.071698,-0.10425,0.12605,-0.0058078,0.064264,0.020771,0.056336,0.033814,0.033299,0.065341,0.15001,0.059418,-0.074905,0.052538,0.13246,-0.062309,-0.039028,-0.030244,0.008059,0.048649,0.065105,0.086922,-0.056743,0.27375,0.051753,-0.032223,-0.033833,0.095584,-0.062168,0.087236,0.12309,0.091371,0.081443,0.17504,-0.10715,-0.012592,0.10813,0.11839,0.11348,0.097529,-0.13726,0.035101,-0.024121,-0.027417,0.14142,-0.084576,0.099871,-0.082611,-0.020855,0.005081,-0.010802,-0.019804,0.06577
0.088713,-0.094696,0.075996,0.014503,-0.037958,-0.064748,0.024191,-0.0012327,0.0047851,-0.096459,0.095864,0.019556,-0.032327,-0.041889,-0.0072918,0.036994,-0.030752,0.028381,-0.031803,0.071316,0.10662,0.0026244,0.089988,-0.026584,-0.093898,0.042788,-0.15465,-0.084431,-0.0030813,0.046547,0.12225,-0.070649,-0.0042097,0.1042,0.058773,-0.015107,-0.022835,0.11275,0.12874,-0.0088471,0.073077,0.09439,-0.0014432,-0.11859,0.041273,-0.083507,0.10371,-0.041546,0.14049,-0.044221,0.083261,-0.020634,-0.059669,-0.028395,-0.16783,-0.17417,-0.10688,-0.010133,0.064156,-0.044966,-0.029761,0.0073658,0.053496,-0.086151
0.010225,-0.10742,0.1564,-0.090025,-0.10626,-0.04466,0.095725,-0.080027,0.034467,0.027681,0.045082,0.1098,0.041404,-0.060688,-0.14591,0.068354,-0.17754,0.052567,-0.00025389,0.13249,-0.044348,0.012006,0.084647,0.015263,0.010619,0.0038399,-0.10409,0.11345,-0.07223,-0.12243,0.1611,-0.21838,0.00568,0.12935,-0.045861,-0.1154,-0.18785,0.012942,0.032179,0.049115,0.03591,0.0025425,0.027764,0.0041755,-0.063009,0.14594,0.0049479,-0.028483,0.095393,0.12742,0.10578,0.21811,-0.099728,0.0062106,0.11541,-0.039289,-0.065722,-0.043751,0.043487,-0.056139,0.16253,0.024429,-0.075382,-0.11586
0.092349,-0.05746,0.077195,-0.0095854,-0.074023,-0.011962,0.010171,-0.068363,0.037486,0.098496,0.074081,-0.050564,-0.0003039,0.0042573,-0.065143,0.063707,-0.093075,0.059767,0.081332,-0.067332,-0.088571,-0.083176,0.028645,0.046433,0.0095742,0.084879,0.018082,0.17828,-0.073061,-0.041799,0.077714,-0.019969,0.12655,-0.001914,-0.0096194,0.01377,-0.12745,-0.21467,-0.0069956,-0.087365,0.034245,0.054044,0.010099,0.035725,-0.1693,0.099764,0.10017,-0.079849,-0.030495,-0.060402,0.0375,0.0080956,0.12332,0.13762,0.14937,0.011675,-0.12784,0.20725,-0.11349,-0.056069,0.088862,-0.14467,0.028215,0.019977
0.11729,-0.044352,0.046764,0.042096,-0.048953,-0.037851,-0.051958,-0.027851,-0.010027,0.032013,0.074886,-0.11621,-0.090853,-0.013229,0.047225,0.029518,-0.0027487,0.044129,0.042373,-0.1376,0.018492,-0.048957,-0.014855,0.07616,0.061347,0.15904,-0.037403,0.011824,-0.021824,0.053891,-0.040425,0.014615,0.16053,0.023667,-0.062706,0.0017288,0.0006776,-0.16959,0.048464,-0.028112,-0.017257,0.16454,-0.027028,0.046347,-0.17096,-0.16984,-0.036445,0.026138,-0.011521,-0.0034183,0.041059,0.021548,0.078926,-0.15493,0.10677,-0.0060998,-0.1124,0.12032,-0.01507,0.062136,-0.046264,-0.12236,-0.066197,-0.09946
0.083877,-0.04911,0.036367,-0.025043,-0.11436,-0.054382,-0.062468,0.034501,-0.082743,-0.024778,0.063027,-0.059836,-0.10448,-0.037962,0.053596,0.053814,0.018032,0.0057884,-0.021935,-0.063989,0.083718,-0.011988,-0.0028999,0.10656,-0.0080817,0.079489,-0.14996,-0.079292,0.048443,-0.044808,-0.10416,-0.037182,0.0090815,-0.039457,-0.09839,-0.02928,0.07554,-0.065716,0.088555,0.049559,0.031908,0.051396,0.03528,0.084869,-0.079226,-0.15935,0.17142,-0.088357,0.029329,0.00080749,0.0021238,0.0042819,-0.17001,-0.15273,0.038273,0.078513,-0.063189,-0.071919,-0.031367,0.088575,-0.0070024,0.083277,-0.12632,0.0983
-0.10451,0.040994,0.061411,-0.18321,-0.097669,-0.091467,-0.16445,-0.037779,-0.050448,0.033138,0.14328,-0.019874,-0.014878,0.056321,-0.058595,-0.10715,-0.037479,0.20429,-0.14114,0.095971,0.0085927,0.06566,-0.19576,-0.11687,0.081832,0.0059725,0.086451,-0.11195,0.016785,-0.096859,0.11265,-0.06646,-0.059756,0.14321,0.16999,0.14389,-0.11864,-0.022613,-0.004427,-0.0066575,-0.11808,-0.10335,0.015704,0.063205,0.12183,-0.054822,-0.11562,0.0064708,-0.00042923,-0.14681,0.17299,0.035845,-0.033699,0.064143,-0.15482,0.0091538,-0.09885,0.047611,0.10534,-0.048756,0.12626,-0.12512,0.012103,0.052339
0.018283,-0.0082868,-0.05772,-0.06735,-0.042309,0.046925,-0.082358,-0.068299,0.097871,-0.010917,0.065697,-0.07591,0.0078093,0.071483,-0.09778,-0.061746,0.030988,0.082983,0.029155,0.076851,-0.15922,-0.061578,-0.12683,-0.12379,-0.23961,0.12207,0.062808,0.050226,-0.059674,-0.036417,-0.06762,-0.042274,-0.027911,0.11608,0.1432,0.037921,0.017042,-0.001235,-0.039502,0.083509,0.0086859,0.048514,-0.16153,-0.07533,0.10505,-0.033634,0.039664,-0.074664,-0.17969,0.18825,-0.029872,0.11109,-0.059862,0.071033,-0.094731,-0.099487,-0.072075,0.034653,0.026043,0.0075366,-0.070586,0.13309,0.097345,-0.14199
0.047174,-0.039612,-0.16845,0.046865,0.068812,-0.0055313,-0.013081,0.018886,0.31971,-0.21187,-0.066382,-0.066569,-0.13116,0.099023,-0.082953,0.046017,0.0059069,0.055118,0.12979,0.10262,0.043551,0.10992,-0.027464,-0.055629,-0.0030768,0.074165,-0.058635,-0.0030555,-0.0061728,-0.052586,0.021085,0.038764,0.10607,-0.042585,0.16071,-0.028632,0.01172,-0.0022038,-0.023387,0.032508,0.13898,-0.054682,0.14108,-0.027705,0.073942,-0.0083976,-0.054039,0.0070904,-0.040267,0.079592,-0.039582,0.12601,0.031405,-0.067322,0.042306,0.064141,0.035078,0.0016535,0.0081538,0.021881,0.023275,0.021165,0.14178,0.064567
0.029143,-0.083988,0.024499,0.072962,0.0023042,-0.048026,-0.081837,0.071773,0.061036,-0.078328,0.098358,0.025095,-0.0074749,0.00020723,0.017828,0.12296,0.0068141,0.093784,0.015224,0.12926,0.18901,-0.041471,0.083012,0.058266,-0.13833,-0.10168,-0.019847,-0.08341,0.014441,0.010475,0.093092,0.012548,0.0004795,0.11385,0.073197,-0.1046,0.14042,-0.006245,-0.033676,-0.060879,-0.053776,0.0061269,0.18088,-0.24787,-0.0024752,-0.002143,0.12456,-0.048032,-0.043963,-0.13781,0.022999,0.0050785,0.022293,-0.039613,0.024375,-0.090249,0.099985,0.00064036,0.19174,0.0094693,-0.12054,-0.14221,0.059644,-0.067158
-0.081484,-0.12673,0.19489,0.011954,-0.013418,0.077768,-0.073508,-0.01818,0.045812,0.016253,0.12554,0.11619,0.085384,0.036704,0.11575,0.16242,0.1082,0.12185,-0.012595,0.16747,-0.055302,-0.010151,0.12736,0.176,0.078841,-0.003895,0.15612,-0.078291,-0.028572,-0.17871,0.014656,-0.044189,-0.03485,0.050014,-0.073402,-0.099927,0.10815,-0.14103,-0.07898,-0.13733,-0.13587,-0.1314,0.010243,0.10262,0.0039814,-0.12102,-0.016217,0.037662,-0.15685,0.090539,0.019901,0.025861,-0.16732,-0.032209,0.041472,-0.023238,-0.029622,0.04242,0.083334,0.015622,-0.055789,0.0032447,-0.035506,0.16884
0.041925,-0.050092,0.082093,-0.015289,-0.042596,0.090636,-0.054062,-0.08568,0.057832,0.12624,0.024861,0.009629,-0.027836,-0.027023,0.031158,0.095882,0.098636,0.044824,0.18092,-0.070035,-0.18291,-0.12627,0.010788,0.084126,0.036993,0.09821,0.060787,0.026572,0.04718,-0.053329,0.063998,0.084238,0.086492,-0.085506,-0.01122,0.091313,0.080359,-0.14936,-0.035838,-0.047157,0.1298,-0.12686,-0.11843,0.059144,0.026434,-0.05502,0.065932,-0.078403,-0.07351,-0.15257,0.015349,0.055543,0.050519,0.11064,-0.14859,0.065117,-0.053292,0.047801,-0.094831,0.1476,-0.053836,0.11229,0.044488,0.098186
0.086575,-0.023197,0.0086401,0.031574,-0.049613,-0.019555,-0.077003,-0.019339,0.031384,0.11354,-0.030838,-0.07097,-0.13882,-0.10667,0.021539,0.016168,-0.023562,0.056023,0.21722,-0.13439,0.018231,-0.11849,-0.057846,0.04099,0.10744,0.10222,-0.057298,-0.013432,-0.015103,0.060082,-0.0015166,-0.002558,0.19231,0.044791,-0.043616,0.027345,0.091039,-0.079229,-0.077931,0.10778,0.076073,0.017507,0.031338,-0.072224,-0.12115,-0.092907,-0.21044,-0.0024667,-0.008247,-0.0064512,-0.012499,0.067357,0.061998,-0.07476,-0.012619,-0.010229,0.031373,0.034958,0.105,0.11143,-0.073142,0.0061524,0.16616,-0.093955
0.040017,-0.0063137,0.05961,-0.016948,-0.061887,-0.14033,-0.12892,0.015141,-0.042033,0.045607,0.051548,-0.045495,-0.11004,-0.042634,0.032093,-0.036642,-0.094258,0.11551,0.040482,-0.077845,0.17458,-0.037538,-0.11625,0.032002,0.039542,-0.015408,-0.088901,-0.10455,-0.074332,-0.034721,-0.041553,-0.076176,0.031644,-0.0091384,-0.013611,0.12957,-0.028209,-0.057583,-0.03817,0.13397,-0.061833,-0.099436,0.21782,-0.007601,-0.11186,-0.10072,0.094993,0.013223,0.073226,0.061892,-0.029857,-0.10958,-0.081899,-0.038491,-0.012788,0.017551,0.17478,0.033702,0.090311,0.00016808,0.14056,0.14013,0.048492,0.056004
-0.08183,0.13086,0.19437,0.0045974,-0.022202,-0.061623,-0.064265,-0.0085452,0.049132,0.042888,0.095445,-0.14114,0.091779,0.040584,0.10375,-0.15761,-0.092011,-0.081609,0.07025,0.19998,0.030892,-0.020937,0.13843,-0.17892,0.068058,0.079499,0.12753,-0.073292,0.018439,-0.16161,0.033316,0.081204,-0.025162,0.047442,0.061503,-0.11591,0.10528,0.14,0.059918,-0.10222,0.20404,0.063863,0.042313,0.12958,-0.00033038,0.1148,-0.0099843,-0.017802,-0.1376,-0.1195,-0.031047,0.0022039,0.076627,-0.12921,0.0673,0.031443,-0.005247,-0.02027,0.11082,-0.011377,-0.050356,0.008214,0.021657,0.17662
0.030764,0.084634,0.01564,-0.071737,0.0015678,0.049407,-0.049459,-0.086652,0.068444,-0.077021,0.09304,-0.059235,-0.012542,-0.0045132,0.017102,-0.12049,0.0087001,-0.046812,0.059001,0.12482,-0.20361,-0.049973,0.076934,-0.056405,-0.16294,0.023211,-0.054214,-0.086854,-0.031609,-0.015065,-0.094368,-0.013525,-0.0098947,0.10361,-0.10278,-0.078649,0.14007,0.017624,0.028055,-0.028565,0.092383,-0.063991,-0.25919,-0.13136,-0.059477,0.034458,0.13346,0.05122,-0.037006,0.13769,0.011254,-0.020958,-0.057111,-0.01922,0.026728,0.081733,0.11136,0.036964,0.17315,-0.014473,-0.12367,-0.14482,0.062013,-0.066721
0.047064,0.039904,-0.16471,-0.058965,0.070452,-0.0080841,-0.0074866,-0.011739,0.3218,-0.22301,-0.045805,0.044896,-0.12819,0.098945,-0.077612,-0.053225,0.027836,0.047226,0.12071,0.094335,-0.047607,0.1146,-0.025215,0.053946,0.023471,-0.097718,-0.018484,-0.0050574,0.010838,-0.065083,-0.008962,-0.048749,0.082094,-0.056729,-0.1722,0.0070248,0.0075222,0.011908,0.041387,-0.00058396,-0.04447,-0.1883,-0.067897,0.035428,-0.06119,0.020929,-0.048655,-0.015112,-0.030316,-0.087556,-0.11426,0.074655,-0.076731,-0.0089453,0.051221,-0.061358,0.060003,0.01289,0.013303,-0.02365,0.055888,-0.077808,-0.10859,0.037615
0.015117,0.009425,-0.052984,0.071215,-0.044407,-0.04121,-0.10244,0.048,0.092198,-0.014754,0.082743,0.059656,0.013675,0.071705,-0.10348,0.059589,-0.0036674,-0.049435,0.062444,0.10357,0.15345,-0.048928,-0.1244,0.1188,-0.1906,-0.14999,0.12681,0.054805,0.067709,-0.015525,0.071983,0.039454,-0.030658,0.11547,-0.1276,0.071504,0.014549,0.0057708,0.049118,0.063689,-0.066404,0.10083,0.073722,-0.092553,-0.13256,0.0385,0.038692,0.080701,-0.15203,-0.1971,-0.1394,0.065293,0.10298,0.035519,-0.087114,0.095199,-0.034098,-0.048268,0.048395,0.013573,-0.052189,0.01429,-0.15839,-0.16103
-0.10806,-0.03634,0.04605,0.18721,-0.094966,0.10747,-0.16574,-0.0066141,-0.055601,0.033681,0.13733,-0.010419,-0.029439,0.041956,-0.073375,0.096324,0.026828,-0.23473,-0.011246,0.13973,-0.016306,0.07037,-0.20594,0.10476,0.081637,0.045548,0.061107,-0.10456,-0.030127,-0.12417,-0.064791,0.084537,-0.061962,0.13786,-0.13574,0.18856,-0.11171,0.030421,0.021334,0.047054,0.15388,0.022513,0.033717,0.10425,-0.087304,0.04419,-0.10881,0.0023906,-0.0075497,0.13561,-0.087832,-0.18511,0.065692,-0.0069028,-0.097139,-0.0032296,-0.082462,-0.040783,0.11496,0.022781,0.13524,-0.087747,0.09114,0.076244
0.042474,0.013009,0.051725,0.016727,-0.053778,0.14241,-0.11435,-0.051858,-0.043442,0.033637,0.060547,0.04473,-0.12592,-0.057721,0.034399,0.028909,0.091399,-0.09015,0.085399,-0.081842,-0.16101,-0.030416,-0.11722,-0.039401,0.046324,-0.037547,-0.090962,-0.11172,0.058838,0.0014511,0.053998,0.063818,0.055515,-0.016325,0.038021,0.12231,-0.024755,0.076356,0.066586,0.13202,0.081515,-0.10087,-0.1325,0.060355,0.14476,0.13019,0.10304,-0.013213,0.080945,-0.061137,0.11929,0.020548,0.034389,-0.082698,-0.011582,-0.025759,0.1869,0.023706,0.10596,0.026677,0.15892,0.062322,-0.081038,0.033218
0.086296,0.027591,0.012415,-0.030994,-0.045802,0.018462,-0.079321,-0.0087103,0.030705,0.097616,-0.011345,0.1029,-0.13879,-0.10526,0.026996,-0.028777,0.04583,0.052819,0.20393,-0.14124,-0.00080686,-0.10488,-0.05182,-0.044594,0.14002,-0.11849,-0.010027,-0.0097892,0.01315,0.060111,-0.031175,-0.048389,0.17956,0.036396,0.029826,0.015482,0.092885,0.098188,0.093143,0.059439,-0.079638,-0.034398,-0.063455,-0.065514,0.10947,0.080621,-0.21161,0.0035837,-0.016549,-0.0008464,-0.075329,0.022115,-0.10538,0.006137,-0.011385,0.016347,0.074732,-0.010891,0.11982,-0.10191,-0.047657,-0.10095,-0.1024,-0.10317
0.038176,0.056982,0.092282,0.024527,-0.04616,-0.084623,-0.073279,0.060621,0.059939,0.13057,0.020381,0.013941,-0.011024,-0.011007,0.02751,-0.10255,-0.062894,0.050567,0.1869,-0.049609,0.18782,-0.12136,0.024158,-0.085799,0.061787,-0.070933,0.10044,0.044251,-0.039041,-0.08203,-0.048725,-0.092936,0.042646,-0.093775,0.037312,0.080949,0.074759,0.1535,0.037709,-0.078376,-0.014482,-0.066256,0.19188,0.0047481,-0.019653,0.074886,0.040703,0.081344,-0.10909,0.16133,-0.076504,-0.023142,0.056616,0.10387,-0.12079,-0.081037,-0.0025615,-0.060663,-0.070518,-0.13316,-0.028502,0.052656,-0.15855,0.10192
0.0081231,0.10892,0.15051,0.10088,-0.10467,0.054364,0.075988,0.10109,0.033698,0.048678,0.01023,-0.10348,0.037333,-0.076775,-0.13741,-0.066412,0.19479,-0.0083465,-0.0204,0.1347,0.022286,0.017198,0.082097,-0.014075,0.022046,-0.033172,-0.1082,0.088383,0.096711,-0.12919,-0.13566,0.23272,0.039345,0.14276,0.013287,-0.10659,-0.17049,-0.0087643,-0.022635,0.039756,-0.042189,-0.064943,-0.012287,-0.023849,0.071979,-0.13037,0.044154,0.010007,0.12164,-0.11016,-0.22779,-0.024633,0.056117,-0.078021,0.13232,0.065553,-0.096861,0.018629,0.034795,0.035575,0.13442,0.078673,0.069141,-0.12114
0.089122,0.096249,0.070587,-0.012222,-0.032463,0.064826,0.025891,0.013551,0.0093892,-0.091582,0.089395,-0.056884,-0.035015,-0.045693,-0.003061,-0.03499,0.029168,-0.030161,-0.02608,0.061307,-0.11278,0.0091923,0.086106,0.030902,-0.06932,-0.12295,-0.12213,-0.095112,-0.0096902,0.018803,-0.12047,0.055731,-0.0060019,0.10502,-0.075149,0.020254,-0.024453,-0.10551,-0.1379,-0.011102,-0.10509,-0.002495,-0.057806,-0.099505,-0.082099,0.12824,0.084384,0.040421,0.12962,0.065389,-0.0056991,-0.10121,0.038026,-0.057679,-0.16547,0.17304,-0.10767,-0.005376,0.042388,0.015004,-0.036962,-0.035892,-0.070313,-0.09751
0.092123,0.073859,-0.05693,-0.077804,0.067614,0.018977,0.01511,0.020242,0.23555,-0.2218,0.038176,0.019085,-0.10028,0.12319,-0.0046266,-0.064752,-0.0031284,-0.030411,0.048838,0.031632,-0.058476,0.15213,0.06227,0.079055,0.092377,-0.11726,-0.0094402,-0.037869,0.029538,-0.021225,-0.044042,-0.078255,0.034501,-0.079745,-0.26627,0.11934,-0.050196,0.030023,-0.11349,-0.084247,-0.12404,-0.013432,-0.051579,0.14873,-0.15004,0.093828,-0.03367,-0.099693,0.113,-0.11461,0.10857,-0.12587,-0.021434,0.015773,-0.033862,-0.14859,-0.069236,-0.12492,-0.079799,0.014697,0.020642,0.020268,-0.003433,0.060308
0.068169,0.06476,-0.020054,0.00088266,-0.090721,-0.03663,-0.01486,-0.0097958,0.06947,-0.033686,0.075401,0.05289,0.033286,0.097309,0.0081784,-0.081287,0.068982,-0.060083,0.032248,0.031662,0.050521,-0.015837,-0.031533,0.068999,-0.12716,-0.046626,0.045861,0.20597,0.005016,0.011257,0.096285,0.019895,-0.077843,0.033903,-0.21221,0.11335,0.087091,0.10191,-0.01244,0.071463,-0.10839,0.12397,-0.099984,0.04297,-0.10116,-0.14457,0.045918,-0.019382,-0.0056569,-0.11559,0.17273,0.05607,0.16527,0.11946,0.049284,-0.010108,0.056033,-0.061688,0.015338,-0.1068,0.014133,0.24331,0.053694,-0.00048437
-0.082812,0.035478,-0.064618,0.15624,-0.27555,-0.098244,0.033905,-0.19167,-0.04448,0.00011932,-0.017337,0.032775,-0.017741,0.0068655,0.12644,-0.14302,0.09136,-0.042603,-0.0070732,0.081674,0.003519,0.046798,-0.048603,-0.049711,0.099375,0.014003,-0.17326,0.16205,-0.29124,-0.062094,0.085862,0.13663,-0.093048,0.018375,-0.032358,0.037412,0.195,0.052496,0.012545,-0.096383,-0.082774,-0.070536,0.036203,0.022274,0.059561,-0.032932,-0.029727,-0.18566,0.19036,0.11863,-0.010561,-0.02344,0.21958,-0.0032058,0.069528,0.0068644,-0.016291,0.011994,0.036523,-0.059487,-0.204,0.01892,-0.097523,0.05338
0.085238,0.053169,0.033211,0.024442,-0.10948,0.057895,-0.046147,-0.041769,-0.081783,-0.036227,0.076687,0.040154,-0.10726,-0.034453,0.055796,-0.054578,-0.032442,-0.028428,-0.017236,-0.075792,-0.068985,0.00047341,0.003068,-0.11072,0.015817,-0.13186,-0.09836,-0.058358,-0.053649,4.3929e-05,0.12028,0.028979,0.034996,-0.040447,0.095417,-0.054561,0.051808,0.071129,-0.11036,0.027094,-0.092228,0.016892,-0.0043083,0.079281,0.079033,0.18263,0.14701,0.10077,0.015654,-0.0098199,0.0048752,0.025821,0.0033901,-0.20879,0.047599,-0.076222,-0.094326,0.067481,-0.057581,-0.09786,-0.040578,0.1504,-0.0090322,0.078023
0.11753,0.048992,0.05154,-0.035084,-0.043243,0.039781,-0.056196,0.015101,-0.01128,0.015234,0.096691,0.099261,-0.091989,-0.0096166,0.047141,-0.032173,0.0023937,-0.042861,0.057988,-0.13635,0.0017072,-0.030401,-0.0057894,-0.082554,0.10526,-0.14409,0.025449,0.024145,0.026443,0.062542,0.0044026,-0.060566,0.13987,0.010498,0.054658,-0.01401,-0.012488,0.1659,-0.079502,-0.057911,-0.1037,0.15849,-0.054281,0.023951,0.15233,0.12968,-0.048858,-0.01614,-0.031526,-0.012133,-0.013552,-0.029677,-0.1841,-0.045923,0.091787,0.017002,-0.089379,-0.14097,-0.019505,-0.081796,-0.071993,-0.038917,0.12234,-0.08041
0.089356,0.061362,0.082495,0.021729,-0.072354,0.019525,-0.0055831,0.071016,0.036763,0.091577,0.07649,0.052438,0.0027569,0.0010605,-0.06546,-0.067025,0.12254,-0.018773,0.076713,-0.056503,0.092616,-0.070409,0.036188,-0.048664,0.037801,-0.062007,0.041999,0.17544,0.10901,-0.057066,-0.092563,0.007266,0.098168,-0.011501,0.012065,0.010133,-0.1269,0.20414,-0.0015792,-0.11929,-0.037962,0.014184,-0.025981,-0.0079437,0.16039,-0.12535,0.12188,0.070949,-0.04197,0.070844,0.0033294,-0.026468,-0.0042915,0.15036,0.13344,0.0011279,-0.088668,-0.25661,-0.088415,0.02541,0.092109,-0.13297,0.092194,0.027859
-0.16065,-0.072332,-0.12846,-0.20282,-0.24663,0.14411,0.024676,0.2568,0.029674,0.0045828,-0.077716,-0.045335,0.016073,-0.00050843,0.10862,0.11388,-0.09315,0.02397,-0.0033843,0.071712,-0.0060344,-0.00059786,-0.031909,-0.025316,0.042756,-0.015245,-0.10138,0.12346,0.18358,0.036365,-0.069843,-0.064102,-0.041082,-0.10367,-0.0026606,-0.010562,0.10298,0.044834,-0.010634,-0.057398,0.065648,0.034808,-0.028202,-0.026445,-0.027554,0.042761,-0.066958,-0.033317,0.012165,-0.002089,-0.074676,0.033238,0.14849,-0.091771,-0.069866,0.0020255,0.010772,0.042129,-0.086601,-0.092387,0.051004,-0.1152,0.11723,-0.066068
0.033446,-0.093926,-0.059344,-0.0054572,-0.027447,0.048222,0.022828,0.023171,0.12788,0.07007,0.096384,-0.11795,0.072066,0.034015,0.046449,-0.01028,-0.097257,0.10225,-0.12615,-0.072632,-0.10923,-0.096356,-0.09869,-0.12989,-0.13513,-0.0082387,0.034923,0.18884,-0.039887,0.068335,-0.24811,0.0096753,-0.1225,-0.018196,0.050998,0.010941,0.02521,-0.051763,0.022488,0.10814,-0.15646,0.031176,0.040009,0.097243,-0.051051,0.10914,-0.028125,-0.062306,-0.035244,-0.027528,-0.078309,-0.13287,-0.033994,-0.14229,0.076532,-0.1175,0.14758,-0.10999,0.026826,0.066576,0.14774,-0.059895,-0.10125,0.10515
0.087616,-0.092723,-0.046349,0.08622,0.10293,-0.055387,0.0477,0.0092563,0.10616,-0.029341,0.086286,-0.11608,-0.024795,-0.12744,0.093473,-0.043737,-0.049786,0.032583,-0.22622,-0.045526,-0.018629,-0.025572,-0.061063,-0.1493,0.17919,0.18846,-0.023053,0.03389,0.047692,-0.011821,-0.078028,0.088397,-0.15016,-0.026205,-0.014153,0.10749,-0.07432,-0.010258,0.038677,-0.040738,-0.10836,0.040968,-0.1153,0.12102,-0.13994,-0.036604,0.037238,0.18916,-0.056282,-0.023768,0.018955,0.0035132,-0.037046,0.053644,0.0092565,0.15549,0.063927,-0.1351,0.088378,-0.16528,-0.10262,-0.044464,-0.13616,-0.12536
0.049835,-0.13082,0.073453,0.009509,-0.0044029,-0.11558,0.078881,0.0096841,-0.035168,-0.066957,0.043158,0.0081402,-0.053443,-0.18411,0.0039382,-0.065833,-0.060958,-0.041722,-0.054884,0.047784,0.062396,-0.0067784,-0.010622,-0.099947,-0.09562,0.14097,-0.1561,-0.068017,0.096391,0.12542,0.032477,-0.033625,-0.027723,0.025942,-0.067862,0.14913,-0.06483,0.14053,0.07057,-0.060465,0.070898,0.073073,-0.15771,0.024929,-0.026386,-0.11858,-0.040671,-0.0044267,-0.0061743,-0.091584,-0.1375,-0.060222,-0.055509,0.082315,-0.19313,-0.12961,-0.019272,0.037708,-0.096828,0.00033733,-0.056069,-0.0030532,-0.025416,0.10494
-0.055379,-0.15421,0.17044,-0.12392,-0.078964,-0.060885,0.16478,-0.11656,0.086846,0.042226,-0.047033,0.1463,0.030462,-0.097044,-0.1961,0.063124,-0.20327,-0.0071084,0.036992,0.094264,-0.03614,0.044385,0.04183,0.0031589,0.023432,0.0093729,-0.086571,0.074796,-0.05889,0.010896,0.077777,-0.1455,0.026794,-0.022742,-0.069796,-0.040673,-0.13997,0.080947,-0.0047064,0.13653,0.056398,0.018381,-0.017619,0.021331,0.028943,0.018195,-0.060195,0.0090415,0.035635,0.094825,-0.10631,0.034327,0.050242,-0.079386,-0.039799,0.10385,0.12483,-0.088343,-0.071349,0.0862,-0.036187,0.082864,-0.024245,0.0044078
0.053917,-0.096014,0.086842,-0.013708,-0.040159,-0.0042606,0.0063858,-0.12602,0.088907,0.14694,-0.041433,-0.044637,-0.014724,0.071259,-0.068775,0.15356,-0.079827,0.042083,0.016059,-0.10278,-0.14611,0.059598,0.12906,0.075593,0.0070699,-0.010735,0.074741,0.15198,-0.077761,0.051161,0.13942,0.11682,-0.046038,-0.076475,0.0013953,-0.018731,-0.15913,-0.059888,0.032523,-0.14047,0.030504,-0.049989,0.030167,-0.057236,0.0070443,0.15427,0.082321,-0.0017682,0.036126,-0.12696,-0.040737,-0.20298,0.029575,0.051768,-0.057005,-0.013809,0.12203,0.0034274,0.027682,-0.19725,-0.055388,-0.09215,0.10496,0.044603
0.089542,-0.074148,0.02787,0.060496,-0.017133,-0.04676,-0.078146,-0.048289,-0.018104,0.027397,-0.06079,-0.14422,-0.10115,0.033414,0.062627,0.11574,0.053258,-0.019548,-0.097372,-0.075045,-0.038072,0.12422,0.12448,0.13903,0.019479,0.12329,0.093824,0.066202,-0.0054843,0.10762,0.050027,0.082769,-0.0028102,0.095386,-0.053314,-0.17208,-0.065747,0.060217,0.084691,-0.14797,-0.091024,0.094006,-0.042057,0.035463,0.07461,0.082902,-0.10487,0.16613,-0.028427,0.0033344,0.081163,0.040717,0.085696,-0.050166,-0.03374,-0.20658,0.06704,-0.082957,0.055053,-0.077997,0.0082554,-0.034671,-0.14724,-0.050741
0.034147,-0.086038,-0.0085465,-0.025093,-0.11226,-0.05978,-0.066452,0.06929,-0.088847,-0.073293,-0.042199,-0.084907,-0.10628,-0.062658,0.057091,0.11507,0.097957,-0.1022,-0.058005,0.011249,0.057055,0.034728,0.12561,0.1083,-0.0926,0.13922,-0.039697,-0.051105,0.0048646,-0.057563,-0.082097,-0.035039,-0.0035745,-0.12932,-0.095415,-0.14979,0.020358,0.097988,0.13167,0.011755,-0.010205,0.080279,0.0080853,0.15074,0.11456,0.052381,0.11427,-0.18713,-0.15789,0.047573,0.022578,0.12058,-0.066602,-0.036265,-0.11573,0.070192,-0.047943,-0.095015,-0.092832,-0.074142,0.086209,-0.023037,-0.12523,-0.028506
-0.2151,0.042769,-0.0060946,-0.25271,-0.018442,-0.11282,-0.1532,-0.077185,-0.021145,0.01135,0.12396,-0.038644,-0.018333,0.017603,-0.1429,-0.0912,0.050414,0.18265,-0.15173,0.048048,-0.016819,0.057098,-0.15828,-0.0059011,0.061689,0.030394,0.048547,-0.060522,0.06975,0.11368,0.080583,-0.0048251,0.092616,-0.069017,-0.0061097,-0.0018572,-0.10264,-0.027182,0.010039,-0.096067,-0.077057,-0.0080496,-0.084798,-0.073764,0.065284,-0.1088,-0.062387,-0.035131,0.0204,-0.11922,0.026748,-0.019607,0.087577,-0.066514,0.042322,0.10948,0.032742,-0.0078653,-0.17968,0.0091676,-0.093253,-0.094354,-0.051775,-0.088605
-0.039747,-0.014457,-0.10669,-0.083612,0.072265,0.071596,-0.027289,-0.12447,0.12407,0.15198,0.1059,-0.13687,0.059065,-0.071131,-0.092977,-0.13058,0.031673,0.020342,-0.052232,-0.029889,-0.13504,-0.16126,-0.05341,-0.0204,-0.1565,0.090737,0.041873,-0.057381,-0.065661,0.073858,-0.071011,-0.14087,-0.018731,-0.0069098,-0.10373,-0.10588,0.0062073,0.093978,-0.12007,-0.075948,0.0090144,0.013607,0.072325,-0.0038966,-0.016513,-0.13076,0.0034375,-0.042635,0.12866,0.037676,-0.066811,0.073772,-0.068086,-0.098299,-0.069943,-0.17468,-0.029178,-0.033235,-0.15052,-0.054788,-0.11084,0.084941,0.046495,0.095092
0.035648,-0.053364,-0.1682,0.057136,0.13877,-0.023542,0.036269,0.033168,0.18202,0.097523,-0.0027248,-0.087393,-0.0068596,-0.25487,0.015599,-0.021428,-0.078663,0.016659,-0.11408,0.013649,-0.006688,-0.14866,-0.036397,-0.10105,0.19609,0.11824,-0.017755,-0.037017,-0.03009,-0.11793,0.026242,0.069227,-0.129,-0.0033708,-0.029386,-0.10101,-0.016928,0.037913,-0.17417,0.043479,0.033313,-0.099758,0.037458,-0.0020981,-0.097037,0.014844,0.020578,-0.004145,-0.019977,-0.0047933,0.06729,0.12384,0.040362,0.073634,-0.014448,0.082617,-0.061289,-0.16529,0.049386,-0.071687,0.023651,0.11321,0.10435,0.0041228
-0.029681,-0.11914,0.0051359,0.072754,0.09644,-0.10903,-0.033197,0.13796,0.033284,0.0028399,0.06605,0.071665,0.0071675,-0.2031,0.093752,0.029767,-0.018841,0.17215,-0.027857,0.075268,0.1044,-0.11508,0.11219,-0.1048,-0.095165,-0.051344,-0.12573,-0.048746,-0.053829,0.1329,0.054183,0.11571,-0.014656,0.022219,0.03289,-0.016995,0.058229,0.030144,-0.087848,-0.05095,0.0081628,-0.073394,-0.10347,-0.089182,-0.033462,0.052464,-0.062584,-0.15706,-0.00019068,-0.10281,0.14577,-0.15707,0.11039,0.084276,0.054735,-0.079994,0.067958,-0.032405,-0.10029,0.028827,0.14335,-0.087638,0.10166,0.047798
-0.1801,-0.17637,0.1945,0.017251,0.081471,0.10246,-0.052957,0.0034798,0.084845,-0.029867,0.051512,0.16779,0.07704,0.0025093,0.18441,0.092312,0.17103,0.15324,-0.0058016,0.1081,-0.0096227,0.0069537,0.07561,0.048323,0.071322,-0.0097294,0.081722,-0.065902,-0.070428,0.057759,-0.082731,-0.083235,0.0010309,-0.12857,0.00063993,-0.016444,0.057695,0.026145,-0.043644,0.065525,-0.13469,-0.0038384,-0.06325,0.0066198,0.066589,-0.1316,-0.085192,0.02511,-0.0075341,0.13052,0.002036,-0.066495,0.024463,-0.083692,0.063596,-0.036779,0.10207,0.037309,-0.14438,-0.063569,0.048082,0.095584,-0.014688,-0.15754
-0.021769,-0.081548,0.059496,0.0087242,0.024102,0.17003,-0.10624,-0.12683,0.091147,0.12932,-0.1616,0.01099,-0.03844,0.066771,0.089119,0.11766,0.15796,-0.015972,0.058679,-0.061575,-0.11191,0.039553,0.0012421,-0.040786,-0.060632,0.044493,0.06808,-0.097842,0.13063,0.025043,0.10659,0.075874,-0.19421,-0.12447,0.061622,0.073558,-0.006255,0.065921,-0.039712,-0.024505,0.0056111,-0.020724,0.066658,-0.057185,0.058436,-0.059243,0.11926,-0.096743,0.10553,-0.10559,-0.049809,0.060734,-0.016489,0.026741,-0.17808,0.045629,-0.045646,-0.15345,-0.092622,0.0025766,0.037846,0.035176,-0.032775,-0.11584
0.042282,-0.041924,-0.045955,0.043465,-0.0037062,-0.02222,-0.13778,-0.036373,0.016931,0.11973,-0.28166,-0.079262,-0.1438,-0.027218,0.025274,0.082174,-0.011073,-0.013877,0.020107,-0.0068649,-0.015495,0.1198,0.001694,0.080976,-0.03113,0.060702,0.055045,-0.032348,0.022228,0.089527,0.042316,0.090254,-0.16137,0.23299,-0.027204,-0.15078,0.0031412,0.079155,-0.20232,0.055644,-0.0060266,0.066166,0.0021634,-0.068693,0.071048,-0.005366,-0.18004,0.05602,-0.0034019,-0.0017981,0.019186,0.042724,0.021724,0.019997,0.041474,-0.10811,-0.088537,-0.17529,0.017567,0.042293,0.024949,0.026444,0.041997,0.08119
-0.031818,-0.019624,-0.0034543,-0.053176,-0.029796,-0.21366,-0.18954,0.024137,-0.064624,-0.0050699,-0.10769,-0.035262,-0.14283,-0.043889,-0.022741,0.045839,-0.034374,0.075878,-0.093491,-0.012604,0.074127,0.09481,-0.094226,0.18114,-0.088225,-0.034595,-0.090586,-0.040559,-0.076503,-0.043976,-0.12423,0.094796,-0.063958,-0.076285,-0.05646,-0.077596,-0.10711,-0.019959,-0.10049,0.10581,0.025835,-0.10742,-0.0068461,-0.011896,0.097989,-0.0020218,0.14521,-0.0027531,-0.10187,0.035871,-0.038311,-0.12035,-0.055361,0.083223,0.18943,0.033488,0.16953,-0.045686,-0.084716,-0.05915,-0.022268,0.053433,0.14564,0.014586
-0.18152,0.17757,0.19159,-0.0080885,0.071452,-0.09295,-0.040544,-0.033612,0.086028,0.0065377,0.016925,-0.18515,0.080551,0.005331,0.17148,-0.084244,-0.15969,-0.11073,0.10894,0.14713,-0.0077829,-0.00014007,0.081341,-0.046166,0.061134,0.054119,0.062239,-0.068069,0.059253,0.092654,0.0655,0.076345,0.023554,-0.12394,-0.0017407,-0.018485,0.056842,-0.029309,0.04323,0.093669,0.06421,0.13001,0.035198,0.017943,-0.05481,0.10991,-0.093412,-0.015439,0.016807,-0.14126,0.065667,-0.0038141,-0.066011,-0.019928,0.062773,0.040578,0.11765,-0.032238,-0.1444,0.086095,0.050452,0.094694,-0.017434,-0.15422
-0.027923,0.11563,-0.010886,-0.077568,0.09798,0.1043,0.021061,-0.1427,0.04006,0.02537,0.061069,-0.074865,-0.001456,-0.21421,0.08857,-0.029833,0.020797,-0.14436,0.062664,0.090782,-0.10469,-0.11281,0.10406,0.11577,-0.093391,-0.051415,-0.12992,-0.056258,0.038762,0.089924,-0.076772,-0.12239,-0.05482,0.020226,-0.037409,-0.022712,0.065616,-0.023483,0.10411,-0.053111,0.049519,0.0020337,0.080461,-0.13089,0.0238,-0.052724,-0.057098,0.17458,0.0067709,0.092439,0.11471,-0.16988,0.0079834,0.13503,0.054954,0.080425,0.071535,0.038271,-0.095563,-0.028807,0.13635,-0.11714,0.018775,0.062292
0.035505,0.052906,-0.16484,-0.068613,0.14258,0.0084238,0.04419,-0.014715,0.1796,0.081667,0.025659,0.11372,-0.0078938,-0.25465,0.019865,0.025119,0.041579,-0.06931,-0.10768,0.017161,0.015578,-0.12809,-0.034855,0.099395,0.22425,-0.067698,0.023579,-0.036792,0.021827,-0.11995,0.033369,-0.014592,-0.13035,-0.0010862,0.031731,-0.12262,-0.0012426,-0.036542,0.18833,0.02108,0.032758,-0.077414,0.0019091,-0.0021522,0.098941,-0.0034995,0.045624,-0.0053111,-0.015499,0.021931,-0.14216,-0.032059,0.023169,0.079322,0.033265,-0.064606,-0.091382,0.15075,0.058278,0.057972,0.053019,-0.0011507,-0.14755,-0.013819
-0.044914,0.011532,-0.09821,0.08791,0.074992,-0.074552,-0.073164,0.12164,0.11237,0.12474,0.12895,0.13961,0.062112,-0.06242,-0.10006,0.1342,-0.039354,-0.051501,-0.024449,-0.0043498,0.14034,-0.1396,-0.047248,0.01918,-0.12346,-0.12213,0.086359,-0.053966,0.051555,0.12215,0.0372,0.13872,0.033685,0.0077984,0.078965,-0.12078,0.014808,-0.091766,0.098731,-0.086664,0.0034813,0.013884,-0.055206,0.037173,0.015379,0.14519,0.00080844,0.019462,0.14303,-0.019455,-0.07073,0.088737,-0.011237,-0.10586,-0.068459,0.14962,-0.01169,0.00043252,-0.15692,0.06718,-0.10461,0.00095501,-0.13724,0.075785
-0.2196,-0.043572,-0.020699,0.24722,-0.0082695,0.12559,-0.16894,0.038077,-0.027188,0.0055665,0.11829,0.0054639,-0.031396,0.011007,-0.15768,0.081444,-0.061735,-0.21634,-0.015325,0.093223,0.010345,0.060483,-0.15984,0.0022471,0.069523,0.0046259,0.038882,-0.046201,-0.078172,0.073968,-0.11622,-0.02162,0.078571,-0.071932,0.00052972,-0.0041721,-0.10595,0.019023,-0.0096478,-0.059486,0.073516,0.094167,0.02803,-0.068504,-0.078631,0.089697,-0.077062,0.031563,0.015014,0.12255,0.024915,-0.035305,-0.096139,0.022244,0.05539,-0.11585,0.030639,-0.0079794,-0.1815,-0.020065,-0.10165,-0.043483,0.080077,-0.084818
-0.027097,0.024149,-0.013837,0.041811,-0.018032,0.21466,-0.16468,-0.084033,-0.064918,-0.018216,-0.10191,0.062825,-0.15254,-0.04658,-0.022801,-0.058089,0.0087739,-0.11039,-0.046637,-0.0032004,-0.063408,0.091692,-0.08629,-0.18225,-0.091157,-0.023577,-0.089019,-0.044275,0.072502,-0.011513,0.13232,-0.062942,-0.072663,-0.078265,0.0449,-0.10527,-0.10834,0.018586,0.13753,0.087652,0.011368,-0.07984,0.062855,0.0029473,-0.083798,0.0025,0.13135,0.0056931,-0.09754,-0.052932,0.14778,0.04508,0.11091,0.031037,0.18609,-0.036735,0.16775,0.06317,-0.065182,0.088993,0.01426,-0.055774,-0.11295,0.0069233
0.042386,0.045119,-0.041737,-0.048621,0.00099796,0.019639,-0.13845,-0.023863,0.01549,0.092242,-0.25477,0.16657,-0.13776,-0.019595,0.02905,-0.092924,-0.0062189,0.023771,0.0016087,-0.0081938,0.021125,0.11939,0.0073026,-0.079825,-0.019847,-0.027891,0.074583,-0.029371,-0.031963,0.067231,-0.055431,-0.062671,-0.17706,0.23423,-0.019249,-0.16019,0.015826,-0.079019,0.20302,0.040803,-0.040354,0.048119,-0.075507,-0.019148,-0.078209,-0.021001,-0.17408,-0.060604,0.0092176,-0.0014078,-0.052396,-0.013486,0.00037806,0.04347,0.049305,0.11482,-0.099583,0.14791,0.0016223,-0.051908,0.029811,-0.016143,-0.058316,0.085477
-0.027805,0.088466,0.073189,-0.0036875,0.020416,-0.16934,-0.1366,0.072266,0.093074,0.12379,-0.1555,0.051076,-0.017959,0.085398,0.087582,-0.11883,-0.15667,0.032809,0.071757,-0.048196,0.11944,0.03632,0.0053927,0.044355,-0.053597,-0.02321,0.081104,-0.076687,-0.14832,-0.012443,-0.078628,-0.0313,-0.20316,-0.12554,-0.026706,0.084067,-0.0078221,-0.081294,0.034383,-0.0062983,0.030517,-0.034357,-0.050027,-0.0091661,-0.061489,0.090302,0.1146,0.082901,0.10453,0.13916,-0.067176,0.050307,0.056446,0.0071306,-0.14864,-0.056213,-0.070232,0.12883,-0.11502,-0.015569,0.030472,0.031465,-0.0039133,-0.13689
-0.058733,0.15503,0.16431,0.1336,-0.073113,0.068198,0.13007,0.15091,0.083217,0.06712,-0.093576,-0.11663,0.024497,-0.11522,-0.1801,-0.060343,0.21266,0.053939,-0.021651,0.083692,0.017741,0.05173,0.037636,-0.00071149,0.031633,-0.033827,-0.082465,0.050396,0.066593,0.012476,-0.087145,0.13924,0.04951,-0.0089854,0.055602,-0.046251,-0.12696,-0.081773,0.02422,0.12168,-0.092202,-0.036131,0.036153,0.0017068,-0.0042023,-0.021365,-0.067791,-0.01847,0.044968,-0.08425,-0.023285,0.11093,-0.084329,-0.0032257,-0.052408,-0.11368,0.1057,0.11898,-0.085562,-0.055753,-0.030612,0.089129,-0.053628,0.0019829
0.049925,0.13129,0.064934,-0.013148,0.0086941,0.11413,0.080992,0.012568,-0.037407,-0.060878,0.042702,-0.027501,-0.06213,-0.19077,0.015962,0.068558,0.033534,0.0016664,-0.087801,0.027588,-0.05394,0.019322,-0.013678,0.10151,-0.049526,-0.20956,-0.079827,-0.041842,-0.11409,0.10971,-0.050115,0.010971,-0.023093,0.039487,0.10144,0.13955,-0.06832,-0.14983,-0.080296,-0.075788,-0.099757,0.094421,0.11153,-0.041432,0.026616,0.098388,-0.075224,0.0030466,-0.049515,0.10398,0.058077,0.097307,0.10931,0.012124,-0.2015,0.11893,-0.0087289,-0.03536,-0.085586,0.018103,-0.049985,-0.0032153,-0.0016037,0.12985
0.087577,0.094251,-0.041007,-0.085674,0.10861,0.044348,0.051129,0.012596,0.10145,-0.038754,0.11312,0.084873,-0.029109,-0.12642,0.093226,0.054582,-0.0028774,-0.16771,-0.18008,-0.027889,0.040652,0.0038922,-0.057934,0.14248,0.21931,-0.10691,0.040208,0.060977,-0.051991,-0.0049198,0.098943,-0.059645,-0.15231,-0.025094,0.061816,0.087137,-0.077123,-0.017677,-0.05368,-0.02447,0.032748,0.16862,0.069814,0.052892,0.14485,-0.00019453,0.042589,-0.18592,-0.08426,0.022704,-0.0031267,-0.021682,0.047925,-0.0040291,0.041258,-0.16041,-0.030292,0.14301,0.082959,0.17937,-0.11798,0.047523,0.13957,-0.11982
0.028183,0.094082,-0.061679,0.013988,-0.033226,-0.050067,0.032276,-0.0058079,0.12168,0.057275,0.11742,0.11016,0.07397,0.031953,0.040775,0.021547,0.091374,-0.17529,-0.061166,-0.037637,0.12061,-0.08074,-0.10069,0.12635,-0.13821,0.0049089,0.037284,0.20014,0.060098,0.13689,0.22478,-0.0023544,-0.094034,-0.01915,-0.038442,0.0097989,0.029448,0.039132,-0.024385,0.13948,0.059791,0.069333,-0.039598,0.08897,0.076426,-0.12712,-0.017183,0.072397,-0.020238,-0.0061562,0.15831,0.057057,-0.09251,-0.12371,0.043455,0.11722,0.11314,0.15982,-0.010216,-0.065245,0.098537,0.045642,0.13297,0.1175
-0.17174,0.069277,-0.15187,0.19239,-0.25998,-0.13317,0.10219,-0.22692,0.025244,-0.015569,-0.052268,0.070113,0.013638,-0.0072145,0.11534,-0.11242,0.085991,-0.0092276,-0.016641,0.06702,-0.0057227,0.0044597,-0.029446,0.027996,0.040893,-0.0054156,-0.097287,0.14053,-0.16692,0.055326,0.060251,0.059734,-0.0097242,-0.098712,0.0096513,-0.013693,0.098144,-0.058739,-0.0064343,-0.068445,-0.045552,-0.012897,0.0059638,-0.050063,0.0077958,-0.037368,-0.059238,0.037891,0.0072561,0.0061435,-0.033239,0.057416,-0.16499,0.043107,-0.090176,-0.0087396,0.007866,-0.03443,-0.089505,0.081599,0.069079,-0.16977,0.0081229,-0.078713
0.03658,0.088123,-0.012241,0.017479,-0.10533,0.065707,-0.041032,-0.076167,-0.089067,-0.097617,-0.013294,0.077281,-0.10133,-0.047035,0.056607,-0.11782,-0.12463,0.051505,-0.10396,-0.012788,-0.049244,0.044879,0.13801,-0.10298,-0.063291,-0.14537,0.031392,-0.032357,-0.0035238,-0.022355,0.088339,0.049639,0.022059,-0.11288,0.063775,-0.16696,0.0018227,-0.10666,-0.16088,0.036965,-0.035536,0.028608,0.02933,0.15001,-0.10309,-0.061212,0.11941,0.2034,-0.1204,-0.057073,-0.14298,0.012851,0.024803,-0.060041,-0.084968,-0.05993,-0.090959,0.087184,-0.10699,0.060173,0.058531,0.069645,0.10233,-0.021794
0.09013,0.07821,0.033577,-0.056049,-0.01029,0.04758,-0.084965,0.020091,-0.019622,-0.0054685,-0.029117,0.15286,-0.09278,0.049469,0.05644,-0.11729,-0.079084,-0.050222,-0.086169,-0.06294,0.047662,0.12249,0.1371,-0.13565,0.038507,-0.032201,0.12241,0.068885,0.012752,0.074874,-0.097838,-0.078864,-0.031389,0.095251,-0.0057351,-0.17465,-0.066209,-0.079645,-0.11597,-0.099943,0.051102,0.11516,-0.01834,0.036678,-0.081599,-0.11368,-0.093745,-0.16432,-0.018869,-0.0063521,-0.05125,-0.09857,-0.10075,0.016948,-0.04245,0.20405,0.02999,0.09345,0.026186,0.084397,-0.026772,0.07068,0.13291,-0.018981
0.04931,0.101,0.094257,0.028518,-0.036544,0.0092515,-0.022016,0.11854,0.08962,0.13511,-0.041156,0.079441,-0.0040468,0.074249,-0.072417,-0.15411,0.094102,-0.040159,0.022963,-0.081061,0.14872,0.051065,0.1341,-0.068122,0.0042466,0.068176,0.050056,0.12998,0.096995,0.0026212,-0.15651,-0.09076,-0.090904,-0.08301,-0.0059165,-0.017933,-0.15239,0.032187,-0.022693,-0.12637,0.062833,-0.08101,-0.015145,-0.064806,-0.017544,-0.12731,0.082427,4.7743e-05,0.023633,0.13592,0.21165,-0.024302,0.020685,0.033003,-0.088935,0.00064615,0.085414,0.029229,0.024443,0.19135,-0.039217,-0.15153,-0.0045562,0.021921
-0.17221,-0.091851,-0.17356,-0.20197,-0.17428,0.15831,0.1289,0.26872,0.046211,0.044253,-0.061487,-0.074783,0.026147,0.014842,0.1138,-0.023205,-0.070955,-0.076788,0.051304,-0.045802,0.018622,-0.018001,0.038002,-0.033124,-0.0028231,-0.0075804,0.039002,-0.051048,-0.1132,0.080088,0.052304,0.09455,0.09172,-0.0097841,-0.078494,0.001557,-0.10052,0.048842,0.024324,-0.05098,-0.010437,-0.0065346,-0.0011505,-0.071932,0.0014439,-0.041698,0.022557,-0.013009,-0.12428,0.053427,-0.0092258,-0.0081957,0.15174,-0.13264,-0.066256,0.0048007,-0.065879,0.10797,0.13546,-0.10899,0.15281,-0.0044149,0.034617,0.0053838
0.034553,-0.092879,-0.054865,-0.019805,0.02171,0.04131,0.073661,0.0098298,0.02443,0.16048,0.083947,-0.1318,0.048716,0.094582,0.075236,-0.11482,-0.067106,0.058063,-0.15558,-0.081001,-0.081097,0.088673,-0.053368,0.076264,-0.13673,-0.16046,0.02471,0.047871,-0.070339,-0.011971,-0.14597,0.032268,0.089431,-0.025064,-0.063939,-0.091069,0.033624,0.077137,0.18462,0.077489,0.031794,-0.12331,0.23224,0.064505,0.088082,0.053918,-0.077805,-0.095926,0.010441,-0.087329,0.099216,-0.023866,-0.01189,-0.16474,-0.01164,-0.081926,-0.095135,-0.0065568,0.045911,0.16415,0.035989,-0.082112,0.070491,0.021277
0.093955,-0.085619,-0.010982,0.070128,0.077266,-0.068485,0.060688,0.0036935,-0.088931,0.066675,0.03838,-0.13192,-0.025219,-0.0048569,0.090198,-0.10002,-0.016952,0.0072392,-0.15105,0.037729,-0.074712,0.17606,-0.08114,0.070337,0.048328,-0.018536,0.10725,0.10968,0.16769,-0.083595,-0.00044433,-0.02506,0.10408,-0.054067,-0.097401,0.026045,0.07206,0.035143,0.10694,-0.065255,-0.10399,-0.031309,0.065096,-0.18133,0.039079,0.12095,0.039824,0.12835,-0.032361,0.073136,0.046878,0.15746,-0.051472,-0.076549,-0.014467,0.16171,0.10129,0.13036,-0.022516,-0.050752,-0.062152,-0.0087062,0.11295,-0.08256
0.045105,-0.13013,0.057312,0.0019539,0.0056303,-0.12823,0.11774,0.0049123,-0.10418,-0.053288,-0.042906,-0.029639,-0.084283,-0.10792,-0.029504,-0.1264,-0.020526,-0.16202,0.02379,0.060674,-0.017016,0.067915,-0.11167,0.025749,-0.11871,0.076947,0.10132,-0.022968,0.21389,0.073239,-0.00031092,-0.017623,0.03025,-0.045618,-0.013731,0.095284,0.043468,-0.014635,-0.022055,-0.24597,-0.043765,-0.063734,0.016292,0.020934,0.089418,0.019474,-0.040706,-0.012358,-0.071383,-0.0045246,-0.20582,0.039833,-0.030457,0.032839,0.023006,-0.12571,0.027304,0.23848,0.030599,-0.016726,0.0035579,0.03682,-0.018522,0.12386
-0.063622,-0.17275,0.15593,-0.12621,-0.040222,-0.05416,0.21218,-0.13023,0.083346,0.012359,-0.12285,0.14212,0.0061115,-0.047465,-0.19838,0.012846,-0.14325,-0.1514,0.028288,-0.027824,0.019125,0.053133,-0.062264,-0.021483,0.0036512,-0.016687,0.016361,-0.066981,0.0064785,0.043395,-0.12392,0.091902,0.006451,-0.05217,-0.0082447,0.010168,0.10888,0.057595,-0.065625,0.10082,-0.049219,0.041763,0.01448,0.047157,0.073466,-0.068226,0.018575,0.072617,-0.081205,-0.0073826,-0.031373,-0.044506,0.12026,-0.062297,-0.028518,0.1122,0.018184,-0.058915,0.10896,0.12903,-0.14088,-0.050078,-0.032436,0.095744
0.043664,-0.11372,0.082273,-0.0062865,-0.011022,0.024054,0.012368,-0.14024,0.063415,0.057037,-0.089109,-0.016327,0.082523,0.11836,-0.061114,0.1224,-0.033675,-0.024523,-0.13294,-0.088996,-0.024148,-0.00051363,0.13198,-0.11786,0.043556,-0.20371,-0.028255,-0.012495,-0.023071,0.055077,0.021693,0.13891,-0.089233,-0.06259,-0.0026399,0.18849,-0.0028741,0.093494,0.11558,-0.0015963,0.073262,-0.10789,0.013766,-0.13834,-0.1218,-0.079048,-0.0084295,0.016459,-0.029955,-0.04865,-0.094743,-0.16659,-0.18642,-0.057782,0.012708,0.076677,-0.019804,0.054864,0.11436,-0.088697,-0.097858,0.053827,0.091649,0.031833
0.084113,-0.084544,0.008304,0.074743,-0.007714,-0.029864,-0.062992,-0.041247,-0.044172,-0.073825,-0.065447,-0.12388,0.095621,0.043412,0.019425,0.097579,0.073061,-0.045934,-0.16305,0.024116,0.017432,-0.016342,0.14991,-0.10395,0.11792,-0.081739,0.10408,0.067723,-0.014251,0.1493,0.060686,-0.12586,0.08616,0.10872,0.017805,0.11348,0.010929,0.13044,0.10051,0.051192,-0.056287,-0.18452,-0.051752,0.022988,-0.13217,0.012228,-0.046613,0.19807,0.07239,0.04656,-0.037437,0.036614,0.028809,0.013081,-0.057736,-0.069,0.12759,0.10942,-0.0055151,0.24923,0.012501,0.12677,0.036435,-0.056143
0.021905,-0.10471,-0.045389,-0.006286,-0.087883,-0.039727,-0.011625,0.092879,-0.077926,-0.11392,-0.038828,-0.093301,0.0087281,-0.080568,0.035874,0.055135,0.11875,-0.17415,-0.0010137,0.029289,0.034037,-0.088322,0.16321,-0.10157,-0.064937,0.095337,0.16434,-0.053251,-0.14854,-0.044603,0.017236,-0.16832,0.031892,-0.12814,-0.019501,0.048806,-0.076772,0.040278,0.066573,0.13654,-0.17436,-0.025661,-0.016636,0.09324,0.031607,0.095129,-0.047687,-0.13489,0.0029369,-0.044207,-0.071572,0.079754,-0.0033523,0.11902,-0.10692,0.17273,0.0043112,0.068871,0.062465,0.090782,0.030949,-0.09812,0.083942,-0.03816
-0.23566,0.034908,-0.064978,-0.26948,0.074955,-0.09029,-0.050079,-0.092298,-0.061216,-0.003873,0.10326,-0.054503,-0.059065,-0.00013605,-0.17773,-0.0047105,0.20169,0.050045,-0.063058,-0.11313,0.060875,0.070576,0.081934,0.0037586,0.072682,0.024729,-0.0010571,0.051744,0.078373,0.14656,0.062734,0.090923,0.077977,-0.058481,-0.031527,-0.036021,0.061966,0.0073341,0.027063,-0.067292,-0.0016008,0.070065,0.0025808,-0.076457,-0.048279,0.060687,0.061422,0.0069951,0.0017943,0.1222,-0.080085,-0.048228,0.12766,0.023904,0.045138,0.060318,-0.091164,-0.042273,0.19466,0.068746,0.026679,0.14847,-0.10306,0.066683
-0.035872,-0.014413,-0.087109,-0.065826,0.14166,0.076325,0.042399,-0.15188,-0.037005,0.22593,0.044565,-0.15534,0.013018,0.044613,-0.041447,-0.090526,0.041737,-0.015259,0.0057643,-0.0055802,0.093836,0.12615,0.11296,0.1492,-0.11955,-0.046853,-0.066281,-0.083483,-0.030881,-0.00099542,0.0034632,-0.15054,0.067849,-0.0047247,0.019939,0.023986,0.076796,0.10116,-0.13043,-0.046751,0.062138,0.072985,0.14869,0.15703,0.084574,-0.068259,0.0080362,0.022043,0.21707,-0.057545,-0.15832,0.0042042,0.0047028,0.099869,0.061505,-0.011968,0.035367,0.085482,0.081653,-0.028212,-0.014044,0.0047447,-0.067205,-0.017737
0.047611,-0.050201,-0.10807,0.048529,0.12931,-0.036591,0.065752,0.02209,-0.077796,0.22794,-0.090143,-0.081077,0.0017088,-0.052921,0.040755,-0.060125,-0.054464,0.040004,0.0081597,0.15099,-0.053633,0.18428,-0.0034512,0.043802,0.033526,-0.03793,0.057152,0.016632,0.049934,-0.21122,0.098376,-0.0033074,0.13019,-0.011578,-0.061125,0.10417,0.065399,0.071838,-0.18806,0.1044,-0.064562,0.12485,0.011363,-0.15225,0.05909,0.010766,0.09979,0.025947,-0.0013414,0.029868,0.099858,0.0070798,-0.072566,0.012901,-0.051661,0.178,-0.004477,0.04855,-0.076183,0.026292,-0.0044208,-0.021877,-0.014869,-0.021908
-0.036303,-0.12212,0.00094589,0.036042,0.13601,-0.13718,0.040899,0.14481,-0.10102,0.026538,-0.06451,0.084051,-0.046733,-0.11472,0.09929,-0.13148,0.044553,0.11987,0.086789,0.088376,-0.14174,0.073438,0.024435,-0.032292,-0.1548,-0.053556,-0.042024,0.10815,0.036351,0.055571,0.1006,0.12671,0.016649,0.01448,-0.087989,0.20126,-0.068037,0.031085,-0.061183,-0.037918,0.12998,-0.013427,0.0021644,0.065852,0.033026,0.065062,-0.075399,-0.051324,-0.12427,0.011081,0.0393,-0.11999,-0.076684,0.028636,0.10271,-0.015927,-0.13736,0.050172,0.034398,0.17053,0.063089,0.0077399,-0.06266,-0.0057157
-0.19855,-0.1956,0.15609,0.020739,0.16295,0.097306,0.018185,0.025287,0.035291,-0.11068,-0.027923,0.16264,0.01976,0.0090755,0.19968,-0.13145,0.16152,0.091782,-0.017305,-0.079864,0.028512,0.018663,-0.070822,0.013526,-0.012882,0.041977,-0.012614,0.077041,-0.070702,0.08327,-0.11222,-0.059195,0.057269,-0.020661,-0.026115,-0.012265,-0.042276,0.050865,-0.017507,0.17651,0.016428,0.096945,-0.011218,-0.0065989,-0.021577,0.035801,0.044388,0.11012,0.037887,-0.037802,-0.046624,0.042453,0.1542,0.01709,0.085796,0.031979,-0.14562,0.044125,0.14173,-0.071447,-0.018945,0.018305,0.0068541,0.024915
-0.038701,-0.093975,0.017176,0.045831,0.067941,0.19537,-0.096862,-0.10828,0.031312,-0.012699,-0.17496,-0.01588,0.1197,0.095919,0.067964,-0.010988,0.066241,-0.012524,-0.1228,-0.061082,0.12783,-0.129,-0.03499,-0.16028,-0.054146,-0.042856,-0.10953,-0.079942,0.10856,-0.067109,0.084455,-0.025874,0.044879,-0.066726,-0.052243,0.11041,-0.071722,-0.0028012,-0.064163,-0.096015,-0.068607,0.093326,0.1132,-0.066509,-0.12565,-0.015527,0.086896,-0.18499,0.098753,0.047951,-0.095537,0.13418,-0.02757,-0.011501,0.084584,0.084991,-0.085847,0.011443,0.071802,-0.04848,0.059798,-0.12833,0.0048826,-0.023129
0.033203,-0.049973,-0.093156,0.052256,0.010276,-0.009011,-0.11907,-0.019846,-0.027693,-0.026062,-0.26168,-0.084822,0.16049,0.0031195,-0.062143,0.072101,0.0072871,-0.035457,-0.09428,0.11532,0.012591,-0.1549,0.026285,-0.076173,0.087252,-0.095316,0.043677,0.031314,0.016614,0.060133,0.013773,-0.064435,0.19386,0.209,0.010815,0.076635,0.061651,0.11842,-0.23596,-0.010934,-0.017874,-0.024724,0.0076588,0.12379,-0.051962,-0.037873,0.055715,0.0089148,0.016248,0.047582,0.10593,-0.010208,-0.0023902,-0.051817,0.027352,-0.044788,-0.032089,0.092645,-0.11977,0.12257,0.039074,-0.058142,-0.12784,0.058908
-0.055136,-0.033471,-0.076706,-0.077169,-0.00047772,-0.19723,-0.13908,0.041823,-0.095436,-0.097103,-0.11026,-0.02848,0.010792,-0.085881,-0.12817,0.10233,0.14263,-0.05287,-0.084778,0.0028192,-0.072481,-0.11249,0.054908,0.011992,-0.042372,-0.09957,0.010305,0.099334,-0.082073,-0.1282,-0.15259,0.040298,0.089791,-0.17589,0.042373,-0.052614,-0.0012407,0.12689,-0.095487,0.037575,0.11276,-0.055288,-0.050444,0.028052,-0.017498,0.064431,-0.025806,-0.011579,-0.10017,-0.034945,0.13729,-0.097382,-0.015551,0.10006,0.023917,0.021734,-0.048644,0.13695,0.058509,-0.066691,-0.16325,0.039255,0.022621,-0.014228
-0.20216,0.19309,0.15052,-0.022868,0.15626,-0.098482,0.026608,-0.042218,0.029925,-0.076294,-0.059815,-0.1788,0.014751,0.012426,0.18508,0.13956,-0.16048,-0.099418,0.078368,-0.046931,-0.014159,0.022321,-0.062472,-0.021805,-0.0044643,-0.037278,0.0011056,0.085863,0.092642,0.12129,0.071275,0.029306,0.075572,-0.016364,0.011917,-0.021594,-0.03858,-0.044681,0.019775,0.15776,-0.12422,0.019496,-0.024061,-0.017573,0.014036,-0.046314,0.044161,-0.12012,0.01997,0.046583,-0.0075993,0.045093,-0.1092,0.11353,0.07094,-0.017248,-0.14873,-0.091133,0.1404,0.048418,-0.0064399,0.0041573,-0.031079,0.024619
-0.034807,0.11471,-0.017358,-0.043891,0.13931,0.1276,0.091973,-0.13862,-0.10137,0.054948,-0.073183,-0.054732,-0.053086,-0.10255,0.087271,0.11941,-0.021019,-0.03081,0.14587,0.12373,0.14891,0.073447,0.030427,0.027813,-0.16083,0.00025392,-0.065192,0.10286,-0.015694,0.0026022,-0.11222,-0.14649,-0.0079866,0.020245,0.12378,0.16712,-0.061754,-0.046487,0.075129,-0.073125,-0.063825,-0.090965,0.044957,0.05536,-0.022016,-0.065748,-0.078855,0.081952,-0.10886,-0.05182,0.099989,-0.060676,0.069431,-0.037492,0.070635,0.022067,-0.099648,-0.077046,0.033744,-0.18925,0.039353,0.0636,0.030477,-0.021827
0.046922,0.047089,-0.10609,-0.055554,0.13298,0.023903,0.069586,-0.0053637,-0.081444,0.20548,-0.0648,0.14639,-0.00018369,-0.047189,0.038714,0.05368,0.050235,0.0083343,0.011757,0.16003,0.036256,0.17679,-0.0014383,-0.060972,0.02171,0.079414,0.029131,0.010524,-0.030549,-0.22691,-0.045848,-0.0043325,0.13886,-0.0048498,0.072879,0.085154,0.08116,-0.060942,0.18329,0.096408,-0.063465,0.10072,-0.12937,-0.088002,-0.097131,0.0029829,0.10921,-0.017733,0.020399,-0.031468,-0.031018,-0.090633,0.063643,-0.04773,-0.040272,-0.18064,-0.006181,-0.049389,-0.069809,-0.028991,0.0064781,0.0050044,0.015948,-0.019359
-0.041957,0.0065855,-0.076981,0.070109,0.14832,-0.089607,-0.017178,0.16557,-0.047032,0.1777,0.072814,0.17951,0.011999,0.043163,-0.045767,0.08449,-0.044146,0.023747,0.011339,-0.014136,-0.10435,0.11425,0.11408,-0.15673,-0.11994,-0.011478,-0.074754,-0.081362,0.017044,0.02774,-0.013116,0.13444,0.095611,0.00099373,-0.02832,0.040054,0.085755,-0.096541,0.094035,-0.072332,-0.090665,-0.042395,-0.065105,0.22739,-0.029236,0.035345,-0.0054322,-0.054537,0.19866,0.10257,0.048174,0.16616,0.053272,0.06808,0.027916,0.013932,0.028627,-0.076512,0.086048,0.052501,-0.013494,0.064825,0.05779,0.01884
-0.24057,-0.043134,-0.073937,0.25682,0.090326,0.095344,-0.07966,0.085147,-0.065802,-0.021318,0.10582,0.01691,-0.065803,0.00082929,-0.18498,-0.0079637,-0.1985,-0.072766,0.017493,-0.096096,-0.050151,0.06452,0.083414,-0.0042342,0.075031,0.012301,-0.0056971,0.072169,-0.076948,0.10013,-0.10194,-0.12091,0.048069,-0.063835,0.016151,-0.051383,0.055557,-0.012304,-0.042256,-0.064461,-0.019761,0.020703,-0.062009,-0.083659,0.01225,-0.05579,0.065324,-0.009148,0.02677,-0.10311,0.071932,0.065726,-0.073338,0.12669,0.011556,-0.039494,-0.10793,0.034636,0.17943,-0.075396,0.010198,0.17394,-0.03327,0.057778
-0.050228,0.033154,-0.086065,0.059787,0.0098397,0.1997,-0.11216,-0.08165,-0.09294,-0.10842,-0.099467,0.033329,0.022703,-0.072368,-0.13043,-0.11331,-0.14819,0.010058,-0.075533,0.0077558,0.075792,-0.12948,0.057061,0.0027337,-0.07013,0.080865,-0.023393,0.082429,0.10344,-0.090344,0.16667,-0.0334,0.109,-0.16856,-0.04172,-0.052237,0.010317,-0.12562,0.11806,0.00054632,-0.065144,-0.083112,0.098555,-0.011525,0.013731,-0.053901,-0.016446,0.030949,-0.10198,0.0052055,0.062734,-0.15088,0.078559,0.034982,0.023199,-0.028963,-0.017221,-0.15634,0.074148,0.078826,-0.14679,-0.0044105,-0.054119,-0.027448
0.03292,0.049693,-0.090567,-0.057737,0.013342,0.0092266,-0.1163,-0.029755,-0.026989,-0.048665,-0.23321,0.13085,0.16772,0.0035595,-0.06085,-0.071984,-0.01884,-0.0025754,-0.093761,0.10975,-0.038182,-0.16506,0.017515,0.086079,0.061319,0.10158,0.0026938,0.0201,-0.0058711,0.052418,-0.052676,-0.0020516,0.20908,0.21729,-0.016019,0.074234,0.080521,-0.090292,0.21525,-0.029995,-0.002444,0.044113,0.055005,0.12061,0.08149,0.043486,0.06901,-0.0029717,0.029272,-0.053921,-0.008868,-0.093717,-0.032892,-0.044507,0.016488,0.039569,-0.014399,-0.10147,-0.12114,-0.13583,0.006507,0.055842,0.10053,0.073065
-0.046313,0.097996,0.028937,-0.046007,0.066056,-0.1998,-0.12692,0.057832,0.03059,-0.021905,-0.16209,0.046135,0.12007,0.092832,0.071092,0.021682,-0.089775,-0.076246,-0.08135,-0.066616,-0.12734,-0.12102,-0.043381,0.16638,-0.05484,-0.033784,-0.11077,-0.055015,-0.11131,-0.084135,-0.063527,0.028876,0.057299,-0.058372,0.083891,0.088613,-0.074423,-0.00020669,0.041633,-0.091709,0.024683,0.05883,-0.17514,-0.020493,0.093196,0.0018527,0.10804,0.16093,0.1269,-0.016486,-0.099954,0.15626,-0.0084499,-0.014104,0.081171,-0.065212,-0.11001,-0.025058,0.08025,0.015161,0.054654,-0.093432,0.10064,-0.0043388
-0.068166,0.17425,0.15162,0.133,-0.029818,0.056248,0.16634,0.17468,0.077047,0.030716,-0.17064,-0.10597,0.0013677,-0.061354,-0.1788,-0.0050805,0.12846,0.14194,-0.083425,-0.06076,-0.023352,0.050922,-0.071776,0.01917,-0.0099929,0.012748,0.020042,-0.070028,-0.028362,0.06597,0.11322,-0.10163,0.0048555,-0.049019,0.010464,-0.00084133,0.10607,-0.059134,0.062015,0.10247,-0.022945,0.05069,-0.017384,0.085424,-0.069353,0.047266,0.0064092,-0.064858,-0.077496,-0.010906,0.057184,0.012342,-0.12627,0.060648,-0.034836,-0.12723,0.015143,0.07209,0.098,-0.12323,-0.14444,-0.017139,0.022317,0.10196
0.044731,0.1304,0.048617,-0.0073763,0.020255,0.12742,0.11322,0.022924,-0.1135,-0.061466,-0.037295,0.029638,-0.090924,-0.099419,-0.019979,0.12466,0.00087489,0.15045,-0.072778,0.034396,0.030366,0.072834,-0.10782,-0.037655,-0.10768,-0.052325,0.13177,0.029101,-0.22181,0.059653,-0.033841,0.0030418,0.040407,-0.042018,0.032486,0.093722,0.036501,-0.003126,-0.0053089,-0.21375,0.14564,-0.0065551,0.0085426,0.055881,-0.08949,-0.044357,-0.041315,0.005707,-0.062434,0.0089184,0.0080657,0.20308,0.015215,-0.017692,-0.018035,0.12168,0.097703,-0.22475,0.060093,0.021317,0.020669,0.021658,-0.0041243,0.12796
0.093272,0.086417,-0.0076522,-0.068216,0.082666,0.06081,0.059954,0.015599,-0.095316,0.042636,0.065765,0.12816,-0.02795,0.010537,0.081336,0.10322,-0.016646,-0.077918,-0.12055,0.060053,0.074793,0.16674,-0.072468,-0.088877,0.033407,0.1055,0.07423,0.12794,-0.14046,-0.082076,-0.0075679,0.0090213,0.13395,-0.047103,0.085422,0.0046272,0.067217,-0.035386,-0.10693,-0.0022138,0.15148,-0.027569,-0.12119,-0.13452,-0.077558,-0.081325,0.062777,-0.13051,-0.0068113,-0.077127,-0.14728,-0.024123,-0.030428,-0.10127,0.0017661,-0.17676,0.12296,-0.11099,-0.0035467,0.05364,-0.029533,-0.081352,-0.069983,-0.1055
0.028499,0.091589,-0.05819,0.029838,0.018803,-0.051542,0.072527,0.025201,0.019469,0.13584,0.10682,0.14299,0.048613,0.10221,0.059511,0.12457,0.046006,-0.14343,-0.093867,-0.052014,0.079943,0.068354,-0.053075,-0.085005,-0.17281,0.14042,-0.043125,0.014146,0.090869,0.032984,0.12254,-0.051626,0.11354,-0.016458,0.019394,-0.10506,0.023821,-0.058642,-0.15852,0.11764,0.081881,-0.24512,-0.069403,0.13207,-0.044205,-0.0066272,-0.077864,0.10661,0.01887,0.063753,0.0074179,-0.11851,-0.10347,-0.11079,-0.0095685,0.093145,-0.061726,0.011485,0.034671,-0.1875,0.029574,-0.083388,-0.016797,0.019161
-0.18445,0.085372,-0.1962,0.1924,-0.1843,-0.15303,0.19686,-0.20229,0.038292,0.016327,-0.026005,0.098998,0.018275,0.0085249,0.11089,0.033176,0.058152,0.078668,-0.0086402,-0.065626,-0.017716,-0.018292,0.038668,0.032429,-0.0014623,0.011218,0.042522,-0.082009,0.11057,0.052922,-0.086292,-0.11515,0.062626,-0.01055,0.069067,-0.017082,-0.10187,-0.050906,-0.016309,-0.039175,0.044967,0.0094802,-0.020612,-0.059534,-0.031588,0.047623,0.02516,0.032467,-0.10589,-0.07418,0.0038439,-0.0056996,-0.20697,0.028423,-0.079786,0.00055674,-0.049014,-0.086863,0.13949,0.089918,0.16758,-0.034875,0.017499,0.0050615
0.02365,0.10434,-0.048832,-0.0024965,-0.082452,0.047986,0.01569,-0.082303,-0.079023,-0.14065,-0.00047914,0.072181,0.019099,-0.071569,0.032224,-0.051208,-0.13159,0.13728,-0.078631,-0.0057866,-0.032241,-0.078978,0.16685,0.11663,-0.048711,-0.03831,0.19692,-0.057664,0.14505,-0.02327,-0.016579,0.17118,0.061502,-0.11214,0.038706,0.06158,-0.064529,-0.032358,-0.058728,0.19323,0.10271,0.069297,0.03976,0.07857,0.010157,-0.1203,-0.034685,0.12291,0.021859,0.06205,-0.076202,0.077836,0.087301,0.062017,-0.092195,-0.17504,0.035435,-0.066118,0.090119,-0.1031,0.047431,-0.11225,0.023108,-0.027209
0.084073,0.086579,0.012908,-0.070979,-0.0025521,0.032881,-0.067811,0.016998,-0.042089,-0.099422,-0.030728,0.11078,0.10755,0.0474,0.015023,-0.089163,-0.093387,-0.048154,-0.13529,0.024423,-0.034775,-0.031929,0.14533,0.11578,0.089666,0.15705,0.045555,0.049792,0.018335,0.12984,-0.11617,0.075053,0.10298,0.11716,-0.0086082,0.12788,0.025446,-0.10469,-0.072961,0.091388,0.12833,-0.050284,0.12966,-0.055617,0.16574,0.015605,-0.046844,-0.21261,0.047553,-0.031097,-0.024788,0.0224,-0.011479,0.020208,-0.06409,0.055051,0.18698,-0.070262,0.015664,-0.20892,0.016067,0.098863,-0.097796,-0.05744
0.037917,0.11968,0.090056,0.021227,-0.0060692,-0.023472,-0.021363,0.13307,0.067614,0.053141,-0.093104,0.040933,0.091467,0.11428,-0.060046,-0.11048,0.017322,-0.06481,-0.11109,-0.087013,0.014742,-0.020273,0.11834,0.12951,-0.0058185,0.19379,-0.11294,-0.046207,0.010148,0.032553,-0.01133,-0.13688,-0.10536,-0.058202,0.053888,0.17451,-0.004434,-0.096979,-0.071326,-0.0052067,0.034199,-0.12117,-0.01534,-0.16024,0.09084,0.12341,-0.03226,-0.0056507,-0.06068,0.025478,0.18064,0.060297,0.082444,-0.17041,0.0088807,-0.063936,-0.025372,-0.027028,0.13074,0.10136,-0.070417,-0.032486,-0.10036,0.019803
-0.10021,-0.075928,-0.14662,-0.16026,-0.10843,0.14136,0.18217,0.21641,0.0085314,0.054917,-0.0080631,-0.080784,-0.034501,0.10687,0.10688,-0.10245,-0.052293,-0.12791,0.074483,-0.06274,0.046544,-0.040081,0.054562,0.047731,0.017325,-0.0077311,0.077178,-0.20209,-0.22892,0.0024984,0.17302,0.16375,0.093227,0.19061,0.03363,0.029634,-0.18485,-0.039333,0.021175,-0.043023,-0.043434,-0.067844,-0.06669,-0.053755,-0.016937,-0.14766,0.10412,0.14048,-0.061188,0.05123,0.086638,-0.04812,-0.1704,0.11728,0.10439,-0.04075,0.11905,-0.03096,-0.078646,0.0063766,-0.11851,0.14765,-0.13528,-0.028963
0.073792,-0.061201,-0.021009,-0.019321,0.01523,0.028402,0.074404,-0.010758,-0.066095,0.078517,0.078802,-0.10252,0.0075942,0.18808,0.025831,-0.082171,-0.00034654,0.015312,-0.069813,0.0083558,0.036798,-0.013233,0.0070872,0.13162,0.0077327,-0.17267,-0.071613,-0.078711,-0.090895,0.011225,-0.025247,0.010274,0.052914,-0.021353,0.1183,-0.12903,-0.0097137,0.055341,0.17686,0.12581,0.14881,-0.095596,-0.057698,0.10353,-0.057976,-0.051029,-0.12849,-0.11148,-0.047453,-0.044321,0.090066,-0.0012567,0.039424,0.20985,-0.10877,0.018417,-0.14469,-0.11803,-0.058055,0.12822,-0.077617,0.03546,-0.020489,-0.11848
0.12048,-0.054219,0.0086188,0.04552,0.020213,-0.050452,0.045403,-0.0019771,-0.11263,-0.021565,0.043729,-0.10394,-0.0060364,0.1284,0.0041731,-0.038529,0.027037,-0.0031519,-0.028522,0.084045,-0.0042474,-0.024585,-0.045403,0.07587,0.11767,-0.12734,0.047126,0.021095,0.073207,0.082304,0.027837,-0.094674,0.0012457,-0.10046,0.10665,-0.14933,0.032891,-0.027524,0.10414,0.060136,0.023859,-0.086744,-0.14818,-0.14831,-0.098903,-0.0063257,-0.029226,-0.072322,0.044611,0.13128,0.02314,0.028311,0.15812,0.024532,-0.073227,0.094964,-0.041005,-0.10771,-0.011027,-0.074207,0.11306,0.14236,0.1361,0.095349
0.080369,-0.090594,0.038917,0.0032067,-0.014024,-0.09077,0.099827,-0.002827,-0.090995,-0.076509,-0.02081,-0.051341,-0.058939,0.013164,-0.064896,-0.061971,0.015072,-0.16658,0.05304,0.045649,-0.0039546,-0.081189,-0.10094,0.032366,0.0049337,-0.014358,0.17833,-0.068885,0.12634,0.05942,-0.0034188,-0.045004,-0.046592,-0.047089,0.17394,-0.075614,0.10235,-0.14777,-0.041866,-0.17978,-0.10926,-0.17826,-0.027786,-0.0047208,-0.061811,-0.019726,0.0080966,-0.1323,0.15323,0.048431,-0.027597,-0.023462,0.094024,0.0078716,0.11934,-0.1307,0.025244,-0.023569,0.061078,-0.12519,0.21003,0.11801,0.086683,-0.11128
-0.010205,-0.14916,0.12239,-0.092865,-0.02279,-0.03266,0.19948,-0.10573,0.041071,-0.04025,-0.085077,0.096538,-0.011828,0.025319,-0.15145,-0.033913,-0.07055,-0.2112,-0.001116,-0.098435,0.069621,-0.015697,-0.11318,-0.024384,0.0074522,-0.020673,0.063788,-0.15459,0.034265,-0.085721,-0.18405,0.16979,0.0019556,0.047325,0.087408,-0.047357,0.25866,-0.066639,-0.074403,-0.023022,-0.14606,0.033182,0.03001,0.051185,-0.00758,-0.024052,0.031789,0.028585,0.00038247,-0.061059,0.3023,0.042891,0.031195,0.068577,0.0067075,-0.044194,0.009193,-0.0069643,-0.050301,0.051676,0.092227,-0.12879,0.031955,-0.12957
0.067521,-0.096924,0.064465,0.0091088,-0.005695,0.030704,0.035342,-0.094158,0.0031944,-0.032565,-0.00048422,-0.00082296,0.12571,0.069342,-0.024346,-0.016723,-0.028026,-0.017753,-0.073811,-0.12387,0.090764,0.02225,-0.013212,-0.094394,0.0054128,-0.16509,-0.10166,-0.094767,0.046723,-0.10454,-0.067793,0.14803,-0.039639,-0.015913,-0.098709,0.083033,0.086076,-0.10428,0.10622,-0.029812,0.14172,0.062438,-0.048289,-0.13028,0.03889,-0.051779,-0.17674,-0.042658,-0.17844,0.024538,0.071144,0.10828,-0.15702,0.025572,0.11017,-0.048498,-0.13064,0.061203,-0.15909,-0.16816,0.047823,0.10939,-0.026347,0.011985
0.08919,-0.072645,0.00096852,0.071599,-0.021962,-0.017011,-0.024352,-0.020313,-0.049687,-0.091738,0.06191,-0.076361,0.23254,-0.061195,0.025381,-0.022813,0.016733,0.043569,0.058012,-0.07937,0.060139,0.18461,-0.045831,-0.10849,0.08,-0.11191,0.023406,-0.013035,0.029696,0.13032,-0.0058497,-0.1086,-0.060981,0.033141,-0.15568,0.0032292,0.02593,-0.20174,0.077739,0.078761,0.18997,-0.12979,-0.07481,-0.058491,0.17526,-0.029105,0.079432,0.14506,-0.06298,0.01388,-0.094747,0.10672,0.14144,0.0079126,0.086684,-0.089821,-0.092385,-0.13409,-0.1047,0.030534,-0.061108,-0.018755,0.083747,0.064612
0.053238,-0.086348,-0.038997,0.013142,-0.058517,-0.020511,0.045005,0.07534,-0.061584,-0.070787,0.04109,-0.072757,0.037485,-0.048,0.041744,-0.052644,0.045664,-0.11422,0.090133,-0.032968,0.013408,-0.0061817,0.03749,-0.083963,-0.068318,0.033441,0.20467,-0.095028,-0.13216,-0.056129,0.07455,-0.12829,-0.065253,-0.012283,-0.036378,0.048382,-0.10195,-0.21083,0.01181,0.11837,-0.12693,-0.018547,-0.0068137,-0.083666,0.17838,-0.0043717,-0.037879,0.0068133,0.20936,-0.14247,-0.12317,-0.010892,-0.045067,0.054434,0.20036,0.089972,0.016355,-0.16144,-0.041085,0.052981,-0.14708,-0.12447,0.093611,0.17523
-0.15752,0.023202,-0.071582,-0.22144,0.098769,-0.043811,0.042708,-0.071345,-0.11322,-0.036003,0.094711,-0.058361,-0.12455,0.058935,-0.14987,0.032871,0.23607,-0.019103,0.031839,-0.12867,0.15281,-0.018178,0.19798,-0.1018,0.1015,0.057066,-0.018709,0.077496,0.0056485,-0.02362,0.067553,0.089724,-0.14455,0.16551,-0.045319,0.12215,0.13181,-0.11434,-0.0095562,0.074703,0.030982,0.019665,0.056607,-0.02011,-0.10925,0.22299,0.068602,0.072926,-0.080211,0.14802,-0.046869,0.078223,-0.10763,-0.074481,-0.017779,-0.10396,0.020644,-0.078161,-0.14291,0.061296,0.1282,-0.051835,0.12643,0.03272
0.020709,-0.0055264,-0.037478,-0.027481,0.10232,0.054003,0.058606,-0.11386,-0.11958,0.07107,0.020376,-0.12225,-0.020384,0.1808,-0.048231,0.0097941,0.02315,0.022306,0.057544,0.073267,0.21797,-0.080406,0.070278,0.077414,0.065942,-0.050756,-0.16948,-0.041717,-0.050117,0.047232,-0.059304,-0.03107,-0.124,-0.007469,0.10793,0.011057,-0.018358,0.011947,-0.11598,0.035933,0.048774,0.0030984,-0.21123,0.25358,0.0029502,0.069709,-0.039268,-0.0082972,-0.083251,-0.1186,-0.14696,0.098777,0.021363,0.10481,0.058301,-0.0076444,0.17093,0.065866,0.027106,-0.035403,-0.04717,-0.19076,-0.010509,-0.076341
0.089464,-0.031546,-0.048542,0.032774,0.057558,-0.029885,0.056614,0.0090092,-0.11687,0.052305,-0.064535,-0.066873,0.030023,0.16044,-0.038504,-0.018008,-0.0008183,0.038311,0.095325,0.18056,-0.015562,-0.10363,-0.075999,0.051171,0.1559,-0.12601,-0.017149,-0.029967,0.031842,0.086413,0.034875,-0.029084,-0.051981,-0.11736,0.07382,-0.10708,-0.069647,-0.0072515,-0.10498,0.082875,-0.026827,0.15222,-0.17177,-0.064571,-0.041413,-0.068733,0.065757,-0.067473,-0.032967,0.076913,0.047314,-0.061565,0.013861,-0.091031,-0.061869,0.096974,0.032577,-0.022043,0.052448,-0.075249,0.019783,-0.085893,-0.1398,0.23154
0.019503,-0.090354,0.007541,0.0037729,0.082629,-0.10156,0.072404,0.08881,-0.11973,-0.058296,-0.075899,0.040957,-0.051479,0.044113,0.0067475,-0.14093,0.097396,-0.017306,0.13018,0.090294,-0.17236,-0.14653,-0.11575,0.060326,-0.00055584,-0.088404,0.051141,0.075497,0.098767,0.065567,0.12494,0.0078797,-0.11547,0.0040667,0.1188,-0.013783,-0.12434,-0.05886,-0.0080465,-0.080117,0.16702,-0.041776,0.14465,0.069774,-0.12981,-0.041427,-0.00043204,-0.068667,0.00053416,0.13273,-0.041539,-0.096804,-0.13629,-0.18988,0.040192,-0.024948,-0.05297,-0.14183,0.014699,-0.029328,-0.10357,0.012607,-0.16808,-0.18188
-0.12616,-0.17094,0.11097,0.021884,0.15967,0.066873,0.073479,0.024466,-0.037487,-0.16551,-0.01888,0.10004,-0.052437,0.050524,0.13104,-0.23737,0.11222,0.0010601,-0.0014944,-0.15228,0.032212,-0.064007,-0.137,0.15163,-0.027005,0.080901,-0.0076807,0.15038,-0.002904,-0.12418,0.0039968,-0.020984,0.046683,0.20058,0.12296,-0.14449,-0.037023,0.023135,-0.02783,0.051038,0.11057,-0.045173,0.049237,0.022463,-0.11773,0.18894,0.061218,0.13004,0.097514,-0.12079,0.0055862,-0.015318,0.018197,0.048587,-0.18864,0.038431,0.059183,-0.035859,-0.093064,0.0028528,-0.091411,-0.046571,0.064554,0.07973
-0.00056326,-0.076046,-0.0095768,0.059243,0.060291,0.13675,-0.026892,-0.048916,-0.042357,-0.069747,-0.0093253,-0.032323,0.15714,0.025402,0.040303,-0.12013,-0.038911,0.069496,0.0091522,-0.14555,0.18626,-0.010391,-0.053851,0.040852,-0.061686,0.00086338,-0.14137,-0.011886,0.064826,-0.22642,0.097647,0.083666,0.042609,-0.006461,-0.10791,-0.083376,-0.10082,-0.089081,-0.057182,-0.15774,-0.0097072,0.11414,-0.13443,-0.023205,0.085387,0.17241,-0.1934,-0.13802,-0.013829,0.11587,-0.04033,0.02883,-0.064369,0.072759,-0.076793,0.01649,0.22921,0.049396,0.044945,0.016933,0.074523,0.10522,0.010248,0.065639
0.046615,-0.042265,-0.094954,0.048308,-0.0085236,-0.00087357,-0.053207,0.0052881,-0.042728,-0.041395,-0.01403,-0.068319,0.34538,-0.11856,-0.039292,-0.011843,0.00095157,0.073388,0.20658,-0.075237,0.03539,0.19606,-0.082034,-0.068934,0.088437,-0.10582,-0.0018396,-0.03614,-0.0053153,0.084441,0.0059182,-0.047857,-0.050233,0.033905,-0.1064,-0.083741,-0.014715,-0.1198,-0.13045,-0.022288,0.116,0.042042,-0.051534,0.12189,0.14413,-0.031476,0.14477,0.020237,-0.038371,0.017957,0.07949,-0.050411,0.07972,-0.053119,-0.085675,-0.036167,0.056422,0.0075705,0.089685,-0.0042138,0.054747,-0.082823,-0.17142,-0.10677
-0.012284,-0.036167,-0.090423,-0.063572,0.0063545,-0.11514,-0.025581,0.049625,-0.09873,-0.070036,0.017292,-0.029307,0.064101,-0.090782,-0.10652,0.031927,0.18405,-0.070445,0.12436,-0.082266,-0.073869,4.5248e-05,0.10454,-0.14713,-0.034181,-0.078089,0.11043,0.043507,-0.092606,-0.19302,-0.02939,-0.087011,-0.14223,-0.10027,-0.0083179,0.014585,0.016712,-0.12631,-0.03902,0.10984,0.14213,0.12838,0.11485,-0.061059,-0.018551,-0.0079797,-0.19138,0.040067,0.1418,-0.15513,0.14744,-0.049389,-0.049165,-0.12254,-0.02874,-0.017242,-0.044001,0.0081541,0.0037459,-0.14751,-0.03208,0.0048568,-0.078449,-0.074923
-0.13088,0.16583,0.10366,-0.030231,0.15805,-0.07285,0.072406,-0.023671,-0.046561,-0.14591,-0.039764,-0.12998,-0.060813,0.052169,0.11847,0.2409,-0.10916,-0.027402,0.037395,-0.13581,-5.8169e-05,-0.070394,-0.12208,-0.15721,-0.0057495,-0.075055,0.020407,0.17144,0.045608,-0.12282,0.0094581,0.03519,0.033273,0.18757,-0.16846,-0.11353,-0.022305,-0.00031007,0.031779,0.025167,-0.052862,-0.13974,0.021499,-0.02172,0.13221,-0.13918,0.072584,-0.14486,0.056074,0.1373,0.012364,-0.048079,0.03002,0.0097287,-0.19791,-0.058042,0.021768,0.056206,-0.096735,0.0097506,-0.080453,-0.099982,-0.037568,0.057384
0.019432,0.083019,-0.0061304,-0.0077656,0.086248,0.093859,0.098856,-0.075252,-0.12266,-0.044999,-0.081271,-0.034465,-0.048565,0.064286,-0.0031745,0.12965,-0.060952,0.10771,0.11892,0.10545,0.17184,-0.17182,-0.11015,-0.048278,-0.016761,0.084955,-0.0054388,0.069684,-0.086164,0.030504,-0.1277,0.011939,-0.13585,-0.0098229,-0.11288,0.01108,-0.12832,0.039169,0.0057993,-0.12585,-0.055776,-0.16214,-0.048837,0.081029,0.14691,0.081547,-0.007066,0.080308,0.0018709,-0.14799,0.083633,0.040557,-0.032031,-0.21128,0.029227,0.034421,-0.10819,0.13073,-0.0067657,0.019874,-0.13732,0.12119,0.083614,-0.15581
0.088822,0.028225,-0.047835,-0.033824,0.060809,0.022967,0.057261,0.0047336,-0.11768,0.036639,-0.048516,0.086393,0.031463,0.16077,-0.040211,0.010324,0.038545,0.056131,0.094006,0.17829,-0.018656,-0.11976,-0.080105,-0.037928,0.12688,0.11709,-0.069038,-0.04243,-0.040674,0.075737,-0.041095,0.042382,-0.056361,-0.11888,-0.081609,-0.086744,-0.066202,-0.003317,0.091276,0.049969,-0.13903,0.20448,0.03248,-0.10527,-0.0033041,0.052581,0.061865,0.078642,-0.018537,-0.085829,0.033299,-0.048082,-0.069385,-0.043523,-0.058643,-0.10957,-0.013693,0.036636,0.034336,0.073737,-0.0099446,0.017456,0.14233,0.24428
0.016108,-0.0034578,-0.029312,0.032402,0.10961,-0.066672,0.013459,0.13113,-0.12304,0.034845,0.042183,0.12017,-0.026158,0.16163,-0.044315,-0.021239,0.0046034,0.028992,0.06354,0.047619,-0.2477,-0.082575,0.065097,-0.062527,0.05786,-0.020594,-0.16005,-0.030916,0.032768,0.05823,0.067602,0.053896,-0.13148,-0.0034364,-0.084936,0.035524,-0.0038315,-0.027926,0.10286,-0.0020643,-0.092956,0.088631,0.25477,0.14066,0.042186,-0.14548,-0.04126,-0.00070904,-0.11005,0.12295,-0.049722,0.16452,0.033034,0.05573,0.040225,-0.0057033,0.16278,-0.040648,0.025082,0.03368,-0.069461,-0.13975,0.16441,-0.093206
-0.16264,-0.036707,-0.074407,0.20921,0.11475,0.043376,0.011794,0.091501,-0.11653,-0.057482,0.10312,0.012647,-0.12967,0.057369,-0.1481,-0.047605,-0.21647,0.031427,0.064751,-0.13854,-0.13646,-0.011518,0.19655,0.10875,0.10672,-0.014803,-0.0032712,0.10693,-0.004771,-0.050125,-0.023877,-0.07395,-0.16997,0.15611,0.076597,0.10419,0.13384,0.11556,0.014374,0.051817,-0.027601,-0.062891,-0.0655,-0.045153,0.099346,-0.18797,0.097467,-0.064375,-0.059994,-0.16256,-0.070175,0.056425,0.013886,-0.13744,-0.036598,0.10514,0.0033624,0.084953,-0.148,-0.075718,0.13673,-0.090431,-0.054706,0.029687
-0.0095453,0.031772,-0.095185,0.050785,0.013472,0.11617,-0.0078722,-0.047671,-0.095584,-0.076355,0.031826,0.0078175,0.079355,-0.078438,-0.10686,-0.038959,-0.15386,0.12117,0.10913,-0.088079,0.091559,-0.0016619,0.09702,0.15624,-0.062807,0.11096,0.062913,0.025616,0.099332,-0.1465,0.098868,0.13744,-0.11062,-0.098164,0.034493,0.013087,0.018853,0.12023,0.046788,0.0459,-0.19728,-0.079164,-0.15931,-0.0081726,0.017754,0.024414,-0.1871,-0.02748,0.10052,0.13909,0.00095568,-0.17405,-0.055345,-0.14042,-0.026075,0.015695,-0.070929,-0.013491,0.0009811,0.15418,-0.030476,0.033241,0.051153,-0.060061
0.045794,0.040478,-0.093793,-0.050758,-0.0066629,0.0048387,-0.048188,-0.023899,-0.041722,-0.049518,0.0015466,0.057137,0.34417,-0.12246,-0.040777,0.015722,0.034655,0.040684,0.22442,-0.07537,-0.031146,0.19654,-0.09084,0.053373,0.05713,0.11022,-0.04586,-0.044924,-0.010713,0.092905,-0.030141,0.042159,-0.041489,0.041861,0.078119,-0.099504,-0.017491,0.11013,0.10198,-0.071427,-0.12601,0.0068177,0.094385,0.12598,-0.125,0.031963,0.13876,-0.0096281,-0.034392,-0.026136,0.02627,-0.090003,-0.08498,0.016375,-0.10293,0.038714,0.029358,0.021785,0.059976,0.013815,0.004067,0.072904,0.20633,-0.10094
-0.0069907,0.076595,-0.0031885,-0.063259,0.060244,-0.14356,-0.046042,0.032958,-0.046863,-0.07558,-0.0052788,0.017792,0.13943,0.014103,0.040429,0.12782,0.043852,-0.086248,0.049684,-0.14613,-0.17234,-0.0019685,-0.051224,-0.046602,-0.050428,-0.079959,-0.11611,0.016494,-0.051417,-0.25964,-0.038805,-0.035639,0.020399,-0.00032699,0.095473,-0.1076,-0.1045,0.075021,0.036761,-0.16848,-0.020777,0.11904,0.029022,-0.054675,-0.099844,-0.22385,-0.17814,0.12892,0.035323,-0.09812,-0.037008,0.048304,0.081107,-0.0050135,-0.094823,-0.033431,0.22652,0.026169,0.04597,0.021679,0.078473,0.096281,-0.057103,0.061325
-0.014662,0.15181,0.12013,0.097828,-0.01164,0.030157,0.15569,0.15193,0.035628,-0.030696,-0.11893,-0.083311,-0.015195,0.014969,-0.13415,0.044327,0.043406,0.15587,-0.11944,-0.14415,-0.064328,-0.022359,-0.12577,0.022349,-0.013327,0.020394,0.071116,-0.14152,-0.065531,-0.058312,0.21163,-0.15705,-0.010346,0.033919,-0.095891,-0.041902,0.24928,0.081636,0.051883,-0.0051681,0.07887,0.12638,-0.05482,0.088346,0.015225,0.0043892,0.056239,-0.018921,0.012959,0.048371,-0.096652,-0.28058,0.038953,0.068126,0.045366,0.045273,0.023559,-0.0051801,-0.04876,-0.06527,0.070147,-0.092788,0.094877,-0.12643
0.079567,0.090591,0.0334,-0.0053625,-0.0027348,0.090869,0.092299,0.028332,-0.096718,-0.089871,-0.011918,0.037736,-0.057124,0.018501,-0.059626,0.059819,-0.015974,0.17324,-0.040567,0.016697,0.0077343,-0.097636,-0.10354,-0.028504,-0.0068957,0.071719,0.16349,-0.04508,-0.14577,0.054384,-0.010467,0.06105,-0.058381,-0.066285,-0.18164,-0.032758,0.095364,0.14633,0.027993,-0.14213,0.20651,0.0082063,0.077822,-0.028128,0.072055,0.029861,0.01205,0.11731,0.17668,-0.013586,0.041777,0.044177,-0.064666,0.091337,0.11402,0.16173,0.0070921,0.043928,0.05017,0.12651,0.20848,0.050162,-0.074475,-0.12603
0.11964,0.054452,0.010067,-0.042441,0.025223,0.046963,0.043134,0.018111,-0.11378,-0.041042,0.065568,0.082496,-0.0027824,0.13305,-0.00096346,0.037269,-0.01658,0.0051698,-0.01837,0.082995,-0.014467,-0.048403,-0.045366,-0.068384,0.084779,0.16072,-0.017176,0.011231,-0.073398,0.076193,-0.049333,0.093228,0.003594,-0.10676,-0.13293,-0.11319,0.029175,0.039494,-0.079902,0.058791,0.011932,-0.0090762,0.11206,-0.23567,0.063234,0.0357,-0.030406,0.065718,0.054426,-0.11509,-0.050351,-0.017262,-0.066192,0.15723,-0.042636,-0.093214,-0.059371,0.10154,-0.008291,0.082854,0.14561,0.00067287,-0.17473,0.084567
0.069335,0.059241,-0.023553,0.02858,0.01613,-0.039678,0.063855,0.044875,-0.06631,0.058499,0.099198,0.097612,0.0056324,0.1861,0.015669,0.084786,0.0027608,-0.046847,-0.041621,0.0064278,-0.061582,-0.038134,0.0051769,-0.12377,-0.02727,0.11673,-0.13628,-0.11758,0.086364,0.0099994,0.023331,-0.016884,0.037603,-0.019464,-0.14421,-0.09575,-0.020512,-0.033656,-0.14028,0.099389,-0.081625,-0.12137,0.16186,0.025317,0.089848,0.044424,-0.14015,0.11338,-0.07818,0.049172,-0.054538,-0.10069,0.15764,0.18488,-0.067818,-0.011735,-0.11805,0.059126,-0.045529,-0.1307,-0.077626,0.028002,-0.025593,-0.11123
-0.11088,0.06894,-0.16417,0.15771,-0.11454,-0.14237,0.22784,-0.13475,0.0003114,0.025681,0.023517,0.090508,-0.045434,0.098998,0.098849,0.11503,0.039973,0.13228,-0.0094153,-0.094755,-0.048147,-0.048223,0.058365,-0.048969,0.019868,0.0094882,0.079047,-0.24868,0.20751,-0.064403,-0.1738,-0.16894,0.018813,0.16867,-0.037926,0.042159,-0.18083,0.054317,0.0083898,-0.03748,0.070702,0.063876,0.042475,-0.057273,0.0086775,0.13185,0.08943,-0.14861,-0.070897,-0.057134,0.045985,-0.058871,0.20691,-0.036153,0.13076,0.03285,0.11725,0.029531,-0.074083,0.036925,-0.13309,0.19588,-0.0049615,-0.016086
0.053298,0.085447,-0.041493,-0.016486,-0.054686,0.026964,0.062599,-0.049472,-0.063549,-0.086838,0.066831,0.043572,0.040183,-0.048005,0.037067,0.059419,-0.041247,0.12825,0.030298,-0.05447,-0.00022872,0.0055871,0.035557,0.085672,-0.069386,0.028061,0.20669,-0.10447,0.11784,-0.043383,-0.052399,0.15096,-0.063839,-0.016109,0.059847,0.064146,-0.09625,0.22115,0.0078234,0.15082,0.054184,0.039889,-0.037222,-0.022184,-0.17095,-0.010887,-0.060751,-0.040738,0.19066,0.17509,0.072779,0.13082,0.070509,0.0044935,0.20275,-0.089312,-0.023474,0.13713,-0.058173,-0.069752,-0.14197,-0.15875,-0.035835,0.15542
0.088108,0.074845,0.0034892,-0.067843,-0.017611,0.023515,-0.026146,0.011423,-0.048043,-0.097153,0.0777,0.037379,0.23039,-0.065492,0.024739,0.032762,-0.0046505,-0.017874,0.094372,-0.076851,-0.056045,0.1911,-0.053585,0.090636,0.041373,0.14107,-0.030205,-0.014876,-0.046259,0.14961,-0.031816,0.081945,-0.043503,0.042201,0.14831,-0.016288,0.013452,0.20699,-0.043335,0.044001,-0.067346,-0.17569,0.14774,-0.073884,-0.18976,0.050081,0.055426,-0.15496,-0.093529,-0.022069,-0.063677,0.11047,-0.085334,0.12897,0.09146,0.089657,-0.079521,0.084082,-0.11979,-0.052517,-0.051481,-0.090822,-0.067968,0.038636
0.062517,0.10251,0.070501,0.0020158,-0.00079832,-0.033688,0.0082348,0.10103,0.0057442,-0.027613,-0.010495,-0.008573,0.1203,0.06452,-0.019712,0.029996,0.013453,-0.049357,-0.059709,-0.13403,-0.089922,0.020036,-0.026044,0.090813,-0.035307,0.10331,-0.15055,-0.098335,-0.061244,-0.10004,0.1156,-0.13751,-0.044967,-0.010503,0.12457,0.046601,0.066731,0.10183,-0.085717,-0.077494,-0.098624,-0.033702,-0.034447,-0.12466,-0.076545,0.029319,-0.17678,0.062746,-0.18476,-0.0639,-0.13774,-0.032769,0.11992,-0.098289,0.14348,0.061878,-0.084651,-0.12616,-0.13016,0.15182,0.078505,0.062805,-0.061256,0.027912
